#Layer_Color=6321
#
#Feature symbol names
#
$0 r5

#
#Feature attribute names
#

#
#Layer features
#
L 1.036 3.8704725 1.074 3.8704725 0 P 0
L 1.036 3.9688977 1.074 3.9688977 0 P 0
L 1.036 4.0673229 1.074 4.0673229 0 P 0
L 1.036 4.1657481 1.074 4.1657481 0 P 0
L 1.036 4.2641733 1.074 4.2641733 0 P 0
L 1.036 4.3625984 1.074 4.3625984 0 P 0
L 1.036 4.4610236 1.074 4.4610236 0 P 0
L 1.036 4.5594488 1.074 4.5594488 0 P 0
L 1.036 4.657874 1.074 4.657874 0 P 0
L 1.036 4.7562992 1.074 4.7562992 0 P 0
L 1.036 4.8547244 1.074 4.8547244 0 P 0
L 1.036 4.9531496 1.074 4.9531496 0 P 0
L 1.036 5.0515748 1.074 5.0515748 0 P 0
L 1.036 5.15 1.074 5.15 0 P 0
L 1.036 5.2484252 1.074 5.2484252 0 P 0
L 1.036 5.35 1.074 5.35 0 P 0
L 1.036 5.4484252 1.074 5.4484252 0 P 0
L 1.036 5.5452756 1.074 5.5452756 0 P 0
L 1.036 5.6452756 1.074 5.6452756 0 P 0
L 1.055 3.8514725 1.055 3.8894725 0 P 0
L 1.055 3.9498977 1.055 3.9878977 0 P 0
L 1.055 4.0483229 1.055 4.0863229 0 P 0
L 1.055 4.1467481 1.055 4.1847481 0 P 0
L 1.055 4.2451733 1.055 4.2831733 0 P 0
L 1.055 4.3435984 1.055 4.3815984 0 P 0
L 1.055 4.4420236 1.055 4.4800236 0 P 0
L 1.055 4.5404488 1.055 4.5784488 0 P 0
L 1.055 4.638874 1.055 4.676874 0 P 0
L 1.055 4.7372992 1.055 4.7752992 0 P 0
L 1.055 4.8357244 1.055 4.8737244 0 P 0
L 1.055 4.9341496 1.055 4.9721496 0 P 0
L 1.055 5.0325748 1.055 5.0705748 0 P 0
L 1.055 5.131 1.055 5.169 0 P 0
L 1.055 5.2294252 1.055 5.2674252 0 P 0
L 1.055 5.331 1.055 5.369 0 P 0
L 1.055 5.4294252 1.055 5.4674252 0 P 0
L 1.055 5.5262756 1.055 5.5642756 0 P 0
L 1.055 5.6262756 1.055 5.6642756 0 P 0
L 1.0659449 1.13 1.1840551 1.13 0 P 0
L 1.066378 2.775 1.113622 2.775 0 P 0
L 1.066378 2.875 1.113622 2.875 0 P 0
L 1.071378 3.25 1.118622 3.25 0 P 0
L 1.071378 3.35 1.118622 3.35 0 P 0
L 1.09 2.751378 1.09 2.798622 0 P 0
L 1.09 2.851378 1.09 2.898622 0 P 0
L 1.095 3.226378 1.095 3.273622 0 P 0
L 1.095 3.326378 1.095 3.373622 0 P 0
L 1.1165 2.155 1.2035 2.155 0 P 0
L 1.125 1.0709449 1.125 1.1890551 0 P 0
L 1.138504 2.465 1.193622 2.465 0 P 0
L 1.138504 2.5634252 1.193622 2.5634252 0 P 0
L 1.141 4.91 1.169 4.91 0 P 0
L 1.155 4.896 1.155 4.924 0 P 0
L 1.1585 4.0675 1.1865 4.0675 0 P 0
L 1.16 2.1115 1.16 2.1985 0 P 0
L 1.161 4.295 1.189 4.295 0 P 0
L 1.166063 2.437441 1.166063 2.492559 0 P 0
L 1.166063 2.5358662 1.166063 2.5909842 0 P 0
L 1.1725 4.0535 1.1725 4.0815 0 P 0
L 1.175 4.281 1.175 4.309 0 P 0
L 1.1909449 5.605 1.3090551 5.605 0 P 0
L 1.1995866 3.1513986 1.2275866 3.1513986 0 P 0
L 1.201 3.085 1.229 3.085 0 P 0
L 1.2058708 4.732828 1.2338708 4.732828 0 P 0
L 1.2089021 4.9101588 1.2369021 4.9101588 0 P 0
L 1.2135866 3.1373986 1.2135866 3.1653986 0 P 0
L 1.215 3.071 1.215 3.099 0 P 0
L 1.2198708 4.718828 1.2198708 4.746828 0 P 0
L 1.2229021 4.8961588 1.2229021 4.9241588 0 P 0
L 1.25 5.5459449 1.25 5.6640551 0 P 0
L 1.261 2.965315 1.289 2.965315 0 P 0
L 1.266 4.445 1.294 4.445 0 P 0
L 1.271 4.57 1.299 4.57 0 P 0
L 1.275 2.951315 1.275 2.979315 0 P 0
L 1.276 4.91 1.304 4.91 0 P 0
L 1.2762993 2.465 1.3314173 2.465 0 P 0
L 1.2762993 2.5634252 1.3314173 2.5634252 0 P 0
L 1.2787098 5.241826 1.3067098 5.241826 0 P 0
L 1.28 4.431 1.28 4.459 0 P 0
L 1.281 5.15 1.309 5.15 0 P 0
L 1.285 4.556 1.285 4.584 0 P 0
L 1.29 4.896 1.29 4.924 0 P 0
L 1.2927098 5.227826 1.2927098 5.255826 0 P 0
L 1.295 5.136 1.295 5.164 0 P 0
L 1.3038583 2.437441 1.3038583 2.492559 0 P 0
L 1.3038583 2.5358662 1.3038583 2.5909842 0 P 0
L 1.317475 2.155 1.356845 2.155 0 P 0
L 1.33716 2.135315 1.33716 2.174685 0 P 0
L 1.341 3.035 1.369 3.035 0 P 0
L 1.355 3.021 1.355 3.049 0 P 0
L 1.3707874 2.5142126 1.4652756 2.5142126 0 P 0
L 1.381 2.885 1.409 2.885 0 P 0
L 1.3825029 3.4407624 1.4105029 3.4407624 0 P 0
L 1.395 2.871 1.395 2.899 0 P 0
L 1.396 4.76 1.424 4.76 0 P 0
L 1.3965029 3.4267624 1.3965029 3.4547624 0 P 0
L 1.41 4.746 1.41 4.774 0 P 0
L 1.4180315 2.4669685 1.4180315 2.5614567 0 P 0
L 1.433835 1.97 1.473205 1.97 0 P 0
L 1.4343625 2.9653014 1.4623625 2.9653014 0 P 0
L 1.436 4.565 1.464 4.565 0 P 0
L 1.4483625 2.9513014 1.4483625 2.9793014 0 P 0
L 1.45 4.551 1.45 4.579 0 P 0
L 1.45352 1.950315 1.45352 1.989685 0 P 0
L 1.4690916 4.9616064 1.4970916 4.9616064 0 P 0
L 1.471 5.145 1.499 5.145 0 P 0
L 1.4830916 4.9476064 1.4830916 4.9756064 0 P 0
L 1.485 5.131 1.485 5.159 0 P 0
L 1.496 4.825 1.524 4.825 0 P 0
L 1.5046457 2.465 1.5597637 2.465 0 P 0
L 1.5046457 2.5634252 1.5597637 2.5634252 0 P 0
L 1.51 4.811 1.51 4.839 0 P 0
L 1.5109842 1.37 1.5897244 1.37 0 P 0
L 1.5109842 1.7637008 1.5897244 1.7637008 0 P 0
L 1.5322047 2.437441 1.5322047 2.492559 0 P 0
L 1.5322047 2.5358662 1.5322047 2.5909842 0 P 0
L 1.5503543 1.3306299 1.5503543 1.4093701 0 P 0
L 1.5503543 1.7243307 1.5503543 1.8030709 0 P 0
L 1.553835 2.155 1.593205 2.155 0 P 0
L 1.57352 2.135315 1.57352 2.174685 0 P 0
L 1.6268266 4.8086932 1.6548266 4.8086932 0 P 0
L 1.631 5.245 1.659 5.245 0 P 0
L 1.6408266 4.7946932 1.6408266 4.8226932 0 P 0
L 1.642441 2.465 1.697559 2.465 0 P 0
L 1.642441 2.5634252 1.697559 2.5634252 0 P 0
L 1.645 5.231 1.645 5.259 0 P 0
L 1.661 3.615 1.689 3.615 0 P 0
L 1.666 4.66 1.694 4.66 0 P 0
L 1.67 2.437441 1.67 2.492559 0 P 0
L 1.67 2.5358662 1.67 2.5909842 0 P 0
L 1.675 3.601 1.675 3.629 0 P 0
L 1.68 4.646 1.68 4.674 0 P 0
L 1.6970072 4.907626 1.7250072 4.907626 0 P 0
L 1.706 4.5 1.734 4.5 0 P 0
L 1.7110072 4.893626 1.7110072 4.921626 0 P 0
L 1.714527 4.7093592 1.742527 4.7093592 0 P 0
L 1.72 4.486 1.72 4.514 0 P 0
L 1.728527 4.6953592 1.728527 4.7233592 0 P 0
L 1.7814662 4.9578312 1.8094662 4.9578312 0 P 0
L 1.7905938 4.8051136 1.8185938 4.8051136 0 P 0
L 1.7954662 4.9438312 1.7954662 4.9718312 0 P 0
L 1.8045938 4.7911136 1.8045938 4.8191136 0 P 0
L 1.8211204 3.4376728 1.8491204 3.4376728 0 P 0
L 1.82349 3.512386 1.85149 3.512386 0 P 0
L 1.8351204 3.4236728 1.8351204 3.4516728 0 P 0
L 1.83749 3.498386 1.83749 3.526386 0 P 0
L 1.8456299 1.37 1.9243701 1.37 0 P 0
L 1.8456299 1.7637008 1.9243701 1.7637008 0 P 0
L 1.8578612 3.0871018 1.8858612 3.0871018 0 P 0
L 1.860923 3.1529294 1.888923 3.1529294 0 P 0
L 1.8718612 3.0731018 1.8718612 3.1011018 0 P 0
L 1.874923 3.1389294 1.874923 3.1669294 0 P 0
L 1.885 1.3306299 1.885 1.4093701 0 P 0
L 1.885 1.7243307 1.885 1.8030709 0 P 0
L 1.891 4.9 1.919 4.9 0 P 0
L 1.905 4.886 1.905 4.914 0 P 0
L 1.9540348 4.9010652 1.9820348 4.9010652 0 P 0
L 1.9680348 4.8870652 1.9680348 4.9150652 0 P 0
L 1.975 2.045 2.035 2.045 0 P 0
L 1.975 2.595 2.035 2.595 0 P 0
L 2.005 2.015 2.005 2.075 0 P 0
L 2.005 2.565 2.005 2.625 0 P 0
L 2.026 3.8720473 2.064 3.8720473 0 P 0
L 2.026 3.9704725 2.064 3.9704725 0 P 0
L 2.026 4.0688977 2.064 4.0688977 0 P 0
L 2.026 4.1673229 2.064 4.1673229 0 P 0
L 2.026 4.2657481 2.064 4.2657481 0 P 0
L 2.026 4.3641732 2.064 4.3641732 0 P 0
L 2.026 4.4625984 2.064 4.4625984 0 P 0
L 2.026 4.5610236 2.064 4.5610236 0 P 0
L 2.026 4.6594488 2.064 4.6594488 0 P 0
L 2.026 4.757874 2.064 4.757874 0 P 0
L 2.026 4.8562992 2.064 4.8562992 0 P 0
L 2.026 4.9547244 2.064 4.9547244 0 P 0
L 2.026 5.0531496 2.064 5.0531496 0 P 0
L 2.026 5.1515748 2.064 5.1515748 0 P 0
L 2.026 5.25 2.064 5.25 0 P 0
L 2.026 5.3515748 2.064 5.3515748 0 P 0
L 2.026 5.45 2.064 5.45 0 P 0
L 2.026 5.5468504 2.064 5.5468504 0 P 0
L 2.026 5.6468504 2.064 5.6468504 0 P 0
L 2.045 3.8530473 2.045 3.8910473 0 P 0
L 2.045 3.9514725 2.045 3.9894725 0 P 0
L 2.045 4.0498977 2.045 4.0878977 0 P 0
L 2.045 4.1483229 2.045 4.1863229 0 P 0
L 2.045 4.2467481 2.045 4.2847481 0 P 0
L 2.045 4.3451732 2.045 4.3831732 0 P 0
L 2.045 4.4435984 2.045 4.4815984 0 P 0
L 2.045 4.5420236 2.045 4.5800236 0 P 0
L 2.045 4.6404488 2.045 4.6784488 0 P 0
L 2.045 4.738874 2.045 4.776874 0 P 0
L 2.045 4.8372992 2.045 4.8752992 0 P 0
L 2.045 4.9357244 2.045 4.9737244 0 P 0
L 2.045 5.0341496 2.045 5.0721496 0 P 0
L 2.045 5.1325748 2.045 5.1705748 0 P 0
L 2.045 5.231 2.045 5.269 0 P 0
L 2.045 5.3325748 2.045 5.3705748 0 P 0
L 2.045 5.431 2.045 5.469 0 P 0
L 2.045 5.5278504 2.045 5.5658504 0 P 0
L 2.045 5.6278504 2.045 5.6658504 0 P 0
L 2.116 4.215 2.144 4.215 0 P 0
L 2.116 4.59 2.144 4.59 0 P 0
L 2.13 4.201 2.13 4.229 0 P 0
L 2.13 4.576 2.13 4.604 0 P 0
L 2.141 5.55 2.169 5.55 0 P 0
L 2.146 3.99 2.174 3.99 0 P 0
L 2.155 5.536 2.155 5.564 0 P 0
L 2.16 3.976 2.16 4.004 0 P 0
L 2.160315 3.87 2.199685 3.87 0 P 0
L 2.18 3.850315 2.18 3.889685 0 P 0
L 2.181 4.965 2.209 4.965 0 P 0
L 2.181 5.135 2.209 5.135 0 P 0
L 2.195 4.951 2.195 4.979 0 P 0
L 2.195 5.121 2.195 5.149 0 P 0
L 2.21 4.095 2.24 4.095 0 P 0
L 2.21 4.302874 2.24 4.302874 0 P 0
L 2.211 1.475 2.239 1.475 0 P 0
L 2.211 5.355 2.239 5.355 0 P 0
L 2.221 3.45 2.249 3.45 0 P 0
L 2.221 3.655 2.249 3.655 0 P 0
L 2.225 1.461 2.225 1.489 0 P 0
L 2.225 4.08 2.225 4.11 0 P 0
L 2.225 4.287874 2.225 4.317874 0 P 0
L 2.225 5.341 2.225 5.369 0 P 0
L 2.235 3.436 2.235 3.464 0 P 0
L 2.235 3.641 2.235 3.669 0 P 0
L 2.241 4.635 2.269 4.635 0 P 0
L 2.246 4.415 2.274 4.415 0 P 0
L 2.255 4.621 2.255 4.649 0 P 0
L 2.26 4.401 2.26 4.429 0 P 0
L 2.260315 3.87 2.299685 3.87 0 P 0
L 2.261 5.46 2.289 5.46 0 P 0
L 2.271 4.745 2.299 4.745 0 P 0
L 2.275 5.446 2.275 5.474 0 P 0
L 2.28 3.850315 2.28 3.889685 0 P 0
L 2.284252 1.945 2.315748 1.945 0 P 0
L 2.284252 2.345 2.315748 2.345 0 P 0
L 2.285 4.731 2.285 4.759 0 P 0
L 2.3 1.929252 2.3 1.960748 0 P 0
L 2.3 2.329252 2.3 2.360748 0 P 0
L 2.301 4.215 2.329 4.215 0 P 0
L 2.301 4.28 2.329 4.28 0 P 0
L 2.301 4.345 2.329 4.345 0 P 0
L 2.305 1.165 2.355 1.165 0 P 0
L 2.311 5.41 2.339 5.41 0 P 0
L 2.3133465 1.655 2.3566535 1.655 0 P 0
L 2.315 4.201 2.315 4.229 0 P 0
L 2.315 4.266 2.315 4.294 0 P 0
L 2.315 4.331 2.315 4.359 0 P 0
L 2.325 5.396 2.325 5.424 0 P 0
L 2.33 1.14 2.33 1.19 0 P 0
L 2.335 1.6333465 2.335 1.6766535 0 P 0
L 2.351 4.745 2.379 4.745 0 P 0
L 2.356 4.39 2.384 4.39 0 P 0
L 2.360315 3.87 2.399685 3.87 0 P 0
L 2.365 4.731 2.365 4.759 0 P 0
L 2.37 4.376 2.37 4.404 0 P 0
L 2.38 3.850315 2.38 3.889685 0 P 0
L 2.401 4.435 2.429 4.435 0 P 0
L 2.406 4.945 2.434 4.945 0 P 0
L 2.411 2.355 2.439 2.355 0 P 0
L 2.4133465 1.655 2.4566535 1.655 0 P 0
L 2.415 4.421 2.415 4.449 0 P 0
L 2.42 4.931 2.42 4.959 0 P 0
L 2.425 2.341 2.425 2.369 0 P 0
L 2.426 4.67 2.454 4.67 0 P 0
L 2.431 5.065 2.459 5.065 0 P 0
L 2.435 1.6333465 2.435 1.6766535 0 P 0
L 2.44 4.656 2.44 4.684 0 P 0
L 2.445 5.051 2.445 5.079 0 P 0
L 2.4552078 5.385 2.4832078 5.385 0 P 0
L 2.456 4.515 2.484 4.515 0 P 0
L 2.460315 3.87 2.499685 3.87 0 P 0
L 2.4685 2.62 2.4965 2.62 0 P 0
L 2.4685197 2.685 2.4965197 2.685 0 P 0
L 2.4692078 5.371 2.4692078 5.399 0 P 0
L 2.47 4.501 2.47 4.529 0 P 0
L 2.471 2.315 2.499 2.315 0 P 0
L 2.471 2.425 2.499 2.425 0 P 0
L 2.471 2.49 2.499 2.49 0 P 0
L 2.471 2.555 2.499 2.555 0 P 0
L 2.471 4.435 2.499 4.435 0 P 0
L 2.48 3.850315 2.48 3.889685 0 P 0
L 2.4825 2.606 2.4825 2.634 0 P 0
L 2.4825197 2.671 2.4825197 2.699 0 P 0
L 2.485 2.301 2.485 2.329 0 P 0
L 2.485 2.411 2.485 2.439 0 P 0
L 2.485 2.476 2.485 2.504 0 P 0
L 2.485 2.541 2.485 2.569 0 P 0
L 2.485 4.421 2.485 4.449 0 P 0
L 2.505 1.165 2.555 1.165 0 P 0
L 2.506 4.705 2.534 4.705 0 P 0
L 2.511 5.435 2.539 5.435 0 P 0
L 2.5133465 1.655 2.5566535 1.655 0 P 0
L 2.516 5.03 2.544 5.03 0 P 0
L 2.52 4.691 2.52 4.719 0 P 0
L 2.521378 2.775 2.568622 2.775 0 P 0
L 2.521378 2.875 2.568622 2.875 0 P 0
L 2.521378 3.25 2.568622 3.25 0 P 0
L 2.521378 3.35 2.568622 3.35 0 P 0
L 2.525 5.421 2.525 5.449 0 P 0
L 2.53 1.14 2.53 1.19 0 P 0
L 2.53 5.016 2.53 5.044 0 P 0
L 2.535 1.6333465 2.535 1.6766535 0 P 0
L 2.536 4.535 2.564 4.535 0 P 0
L 2.545 2.751378 2.545 2.798622 0 P 0
L 2.545 2.851378 2.545 2.898622 0 P 0
L 2.545 3.226378 2.545 3.273622 0 P 0
L 2.545 3.326378 2.545 3.373622 0 P 0
L 2.5492456 1.9450128 2.5807416 1.9450128 0 P 0
L 2.5492456 2.3450128 2.5807416 2.3450128 0 P 0
L 2.55 4.521 2.55 4.549 0 P 0
L 2.560315 3.87 2.599685 3.87 0 P 0
L 2.5649936 1.9292648 2.5649936 1.9607608 0 P 0
L 2.5649936 2.3292648 2.5649936 2.3607608 0 P 0
L 2.571 4.705 2.599 4.705 0 P 0
L 2.576 4.27 2.604 4.27 0 P 0
L 2.58 3.850315 2.58 3.889685 0 P 0
L 2.581 2.185 2.609 2.185 0 P 0
L 2.585 4.691 2.585 4.719 0 P 0
L 2.59 4.256 2.59 4.284 0 P 0
L 2.591 3.795 2.619 3.795 0 P 0
L 2.591 4.13 2.619 4.13 0 P 0
L 2.595 2.171 2.595 2.199 0 P 0
L 2.6040604 4.5362884 2.6320604 4.5362884 0 P 0
L 2.605 3.781 2.605 3.809 0 P 0
L 2.605 4.116 2.605 4.144 0 P 0
L 2.611 1.475 2.639 1.475 0 P 0
L 2.616 2.41 2.644 2.41 0 P 0
L 2.6180604 4.5222884 2.6180604 4.5502884 0 P 0
L 2.625 1.461 2.625 1.489 0 P 0
L 2.63 2.396 2.63 2.424 0 P 0
L 2.636 4.705 2.664 4.705 0 P 0
L 2.646 4.075 2.674 4.075 0 P 0
L 2.65 4.691 2.65 4.719 0 P 0
L 2.656 2.77 2.684 2.77 0 P 0
L 2.66 4.061 2.66 4.089 0 P 0
L 2.660315 3.87 2.699685 3.87 0 P 0
L 2.661 2.315 2.689 2.315 0 P 0
L 2.67 2.756 2.67 2.784 0 P 0
L 2.675 2.301 2.675 2.329 0 P 0
L 2.68 3.850315 2.68 3.889685 0 P 0
L 2.681 1.475 2.709 1.475 0 P 0
L 2.681 4.65 2.709 4.65 0 P 0
L 2.686 2.41 2.714 2.41 0 P 0
L 2.695 1.461 2.695 1.489 0 P 0
L 2.695 4.636 2.695 4.664 0 P 0
L 2.7 2.396 2.7 2.424 0 P 0
L 2.701 5.25 2.729 5.25 0 P 0
L 2.715 5.236 2.715 5.264 0 P 0
L 2.721 4.005 2.749 4.005 0 P 0
L 2.735 3.991 2.735 4.019 0 P 0
L 2.7592488 1.9450064 2.7907448 1.9450064 0 P 0
L 2.7592488 2.3450064 2.7907448 2.3450064 0 P 0
L 2.765315 2.78 2.804685 2.78 0 P 0
L 2.765315 2.88 2.804685 2.88 0 P 0
L 2.765315 2.98 2.804685 2.98 0 P 0
L 2.765315 3.08 2.804685 3.08 0 P 0
L 2.766 3.95 2.794 3.95 0 P 0
L 2.7749968 1.9292584 2.7749968 1.9607544 0 P 0
L 2.7749968 2.3292584 2.7749968 2.3607544 0 P 0
L 2.78 1.165 2.83 1.165 0 P 0
L 2.78 3.936 2.78 3.964 0 P 0
L 2.7833465 1.655 2.8266535 1.655 0 P 0
L 2.785 2.760315 2.785 2.799685 0 P 0
L 2.785 2.860315 2.785 2.899685 0 P 0
L 2.785 2.960315 2.785 2.999685 0 P 0
L 2.785 3.060315 2.785 3.099685 0 P 0
L 2.805 1.14 2.805 1.19 0 P 0
L 2.805 1.6333465 2.805 1.6766535 0 P 0
L 2.826 2.48 2.854 2.48 0 P 0
L 2.8383465 4.045 2.8816535 4.045 0 P 0
L 2.8383465 4.145 2.8816535 4.145 0 P 0
L 2.8383465 4.245 2.8816535 4.245 0 P 0
L 2.84 2.466 2.84 2.494 0 P 0
L 2.840315 4.465 2.879685 4.465 0 P 0
L 2.840315 4.565 2.879685 4.565 0 P 0
L 2.845 3.5262598 2.875 3.5262598 0 P 0
L 2.845 3.6262598 2.875 3.6262598 0 P 0
L 2.845 3.7262598 2.875 3.7262598 0 P 0
L 2.845 3.8262598 2.875 3.8262598 0 P 0
L 2.86 3.5112598 2.86 3.5412598 0 P 0
L 2.86 3.6112598 2.86 3.6412598 0 P 0
L 2.86 3.7112598 2.86 3.7412598 0 P 0
L 2.86 3.8112598 2.86 3.8412598 0 P 0
L 2.86 4.0233465 2.86 4.0666535 0 P 0
L 2.86 4.1233465 2.86 4.1666535 0 P 0
L 2.86 4.2233465 2.86 4.2666535 0 P 0
L 2.86 4.445315 2.86 4.484685 0 P 0
L 2.86 4.545315 2.86 4.584685 0 P 0
L 2.8833465 1.655 2.9266535 1.655 0 P 0
L 2.886 5.345 2.914 5.345 0 P 0
L 2.891 5.205 2.919 5.205 0 P 0
L 2.895315 2.78 2.934685 2.78 0 P 0
L 2.895315 2.88 2.934685 2.88 0 P 0
L 2.895315 2.98 2.934685 2.98 0 P 0
L 2.895315 3.08 2.934685 3.08 0 P 0
L 2.9 5.331 2.9 5.359 0 P 0
L 2.905 1.6333465 2.905 1.6766535 0 P 0
L 2.905 5.191 2.905 5.219 0 P 0
L 2.915 2.760315 2.915 2.799685 0 P 0
L 2.915 2.860315 2.915 2.899685 0 P 0
L 2.915 2.960315 2.915 2.999685 0 P 0
L 2.915 3.060315 2.915 3.099685 0 P 0
L 2.9383465 4.045 2.9816535 4.045 0 P 0
L 2.9383465 4.145 2.9816535 4.145 0 P 0
L 2.9383465 4.245 2.9816535 4.245 0 P 0
L 2.940315 4.465 2.979685 4.465 0 P 0
L 2.940315 4.565 2.979685 4.565 0 P 0
L 2.96 4.0233465 2.96 4.0666535 0 P 0
L 2.96 4.1233465 2.96 4.1666535 0 P 0
L 2.96 4.2233465 2.96 4.2666535 0 P 0
L 2.96 4.445315 2.96 4.484685 0 P 0
L 2.96 4.545315 2.96 4.584685 0 P 0
L 2.966 5.465 2.994 5.465 0 P 0
L 2.98 1.165 3.03 1.165 0 P 0
L 2.98 5.451 2.98 5.479 0 P 0
L 2.9833465 1.655 3.0266535 1.655 0 P 0
L 3.005 1.14 3.005 1.19 0 P 0
L 3.005 1.6333465 3.005 1.6766535 0 P 0
L 3.011 4.345 3.039 4.345 0 P 0
L 3.0176028 2.5644108 3.0456028 2.5644108 0 P 0
L 3.025 4.331 3.025 4.359 0 P 0
L 3.025315 2.78 3.064685 2.78 0 P 0
L 3.025315 2.88 3.064685 2.88 0 P 0
L 3.025315 2.98 3.064685 2.98 0 P 0
L 3.025315 3.08 3.064685 3.08 0 P 0
L 3.0292456 1.9450128 3.0607416 1.9450128 0 P 0
L 3.0292456 2.3450128 3.0607416 2.3450128 0 P 0
L 3.0316028 2.5504108 3.0316028 2.5784108 0 P 0
L 3.0390472 5.365 3.0750472 5.365 0 P 0
L 3.0449936 1.9292648 3.0449936 1.9607608 0 P 0
L 3.0449936 2.3292648 3.0449936 2.3607608 0 P 0
L 3.045 2.760315 3.045 2.799685 0 P 0
L 3.045 2.860315 3.045 2.899685 0 P 0
L 3.045 2.960315 3.045 2.999685 0 P 0
L 3.045 3.060315 3.045 3.099685 0 P 0
L 3.0570472 5.347 3.0570472 5.383 0 P 0
L 3.081 1.475 3.109 1.475 0 P 0
L 3.081 4.315 3.109 4.315 0 P 0
L 3.091 5.67 3.119 5.67 0 P 0
L 3.095 1.461 3.095 1.489 0 P 0
L 3.095 4.301 3.095 4.329 0 P 0
L 3.105 5.656 3.105 5.684 0 P 0
L 3.111 3.89 3.139 3.89 0 P 0
L 3.111 4.09 3.139 4.09 0 P 0
L 3.1212238 5.2429736 3.1492238 5.2429736 0 P 0
L 3.125 3.876 3.125 3.904 0 P 0
L 3.125 4.076 3.125 4.104 0 P 0
L 3.1352238 5.2289736 3.1352238 5.2569736 0 P 0
L 3.145 3.5262598 3.175 3.5262598 0 P 0
L 3.145 3.6262598 3.175 3.6262598 0 P 0
L 3.145 3.7262598 3.175 3.7262598 0 P 0
L 3.145 3.8262598 3.175 3.8262598 0 P 0
L 3.1479832 4.1913512 3.1759832 4.1913512 0 P 0
L 3.155315 2.78 3.194685 2.78 0 P 0
L 3.155315 2.88 3.194685 2.88 0 P 0
L 3.155315 2.98 3.194685 2.98 0 P 0
L 3.155315 3.08 3.194685 3.08 0 P 0
L 3.156 1.475 3.184 1.475 0 P 0
L 3.16 3.5112598 3.16 3.5412598 0 P 0
L 3.16 3.6112598 3.16 3.6412598 0 P 0
L 3.16 3.7112598 3.16 3.7412598 0 P 0
L 3.16 3.8112598 3.16 3.8412598 0 P 0
L 3.1619832 4.1773512 3.1619832 4.2053512 0 P 0
L 3.166 4.28 3.194 4.28 0 P 0
L 3.166 4.52 3.194 4.52 0 P 0
L 3.17 1.461 3.17 1.489 0 P 0
L 3.171 5.365 3.199 5.365 0 P 0
L 3.175 2.760315 3.175 2.799685 0 P 0
L 3.175 2.860315 3.175 2.899685 0 P 0
L 3.175 2.960315 3.175 2.999685 0 P 0
L 3.175 3.060315 3.175 3.099685 0 P 0
L 3.18 4.266 3.18 4.294 0 P 0
L 3.18 4.506 3.18 4.534 0 P 0
L 3.185 5.351 3.185 5.379 0 P 0
L 3.201 3.365 3.229 3.365 0 P 0
L 3.215 3.351 3.215 3.379 0 P 0
L 3.216 4.565 3.244 4.565 0 P 0
L 3.221 4.695 3.249 4.695 0 P 0
L 3.23 4.551 3.23 4.579 0 P 0
L 3.2342488 1.9450064 3.2657448 1.9450064 0 P 0
L 3.2342488 2.3450064 3.2657448 2.3450064 0 P 0
L 3.235 4.681 3.235 4.709 0 P 0
L 3.2499968 1.9292584 3.2499968 1.9607544 0 P 0
L 3.2499968 2.3292584 3.2499968 2.3607544 0 P 0
L 3.25 1.165 3.3 1.165 0 P 0
L 3.2533465 1.655 3.2966535 1.655 0 P 0
L 3.271 3.365 3.299 3.365 0 P 0
L 3.271 4.145 3.299 4.145 0 P 0
L 3.275 1.14 3.275 1.19 0 P 0
L 3.275 1.6333465 3.275 1.6766535 0 P 0
L 3.285 3.351 3.285 3.379 0 P 0
L 3.285 4.131 3.285 4.159 0 P 0
L 3.285315 2.78 3.324685 2.78 0 P 0
L 3.285315 2.88 3.324685 2.88 0 P 0
L 3.285315 2.98 3.324685 2.98 0 P 0
L 3.285315 3.08 3.324685 3.08 0 P 0
L 3.295 5.365 3.331 5.365 0 P 0
L 3.296 4.695 3.324 4.695 0 P 0
L 3.29725 4.47875 3.32525 4.47875 0 P 0
L 3.3044258 4.89518 3.3324258 4.89518 0 P 0
L 3.305 2.760315 3.305 2.799685 0 P 0
L 3.305 2.860315 3.305 2.899685 0 P 0
L 3.305 2.960315 3.305 2.999685 0 P 0
L 3.305 3.060315 3.305 3.099685 0 P 0
L 3.31 4.681 3.31 4.709 0 P 0
L 3.31125 4.46475 3.31125 4.49275 0 P 0
L 3.313 5.347 3.313 5.383 0 P 0
L 3.3184258 4.88118 3.3184258 4.90918 0 P 0
L 3.340315 3.56 3.379685 3.56 0 P 0
L 3.340315 3.66 3.379685 3.66 0 P 0
L 3.340315 3.76 3.379685 3.76 0 P 0
L 3.340315 3.86 3.379685 3.86 0 P 0
L 3.340315 3.96 3.379685 3.96 0 P 0
L 3.340315 4.06 3.379685 4.06 0 P 0
L 3.3533465 1.655 3.3966535 1.655 0 P 0
L 3.36 3.540315 3.36 3.579685 0 P 0
L 3.36 3.640315 3.36 3.679685 0 P 0
L 3.36 3.740315 3.36 3.779685 0 P 0
L 3.36 3.840315 3.36 3.879685 0 P 0
L 3.36 3.940315 3.36 3.979685 0 P 0
L 3.36 4.040315 3.36 4.079685 0 P 0
L 3.366 4.695 3.394 4.695 0 P 0
L 3.366 4.76 3.394 4.76 0 P 0
L 3.3672232 4.8434076 3.3952232 4.8434076 0 P 0
L 3.375 1.6333465 3.375 1.6766535 0 P 0
L 3.38 4.681 3.38 4.709 0 P 0
L 3.38 4.746 3.38 4.774 0 P 0
L 3.3812232 4.8294076 3.3812232 4.8574076 0 P 0
L 3.396 2.57 3.424 2.57 0 P 0
L 3.41 2.556 3.41 2.584 0 P 0
L 3.415315 2.78 3.454685 2.78 0 P 0
L 3.415315 2.88 3.454685 2.88 0 P 0
L 3.415315 2.98 3.454685 2.98 0 P 0
L 3.415315 3.08 3.454685 3.08 0 P 0
L 3.435 2.760315 3.435 2.799685 0 P 0
L 3.435 2.860315 3.435 2.899685 0 P 0
L 3.435 2.960315 3.435 2.999685 0 P 0
L 3.435 3.060315 3.435 3.099685 0 P 0
L 3.437816 5.4161096 3.465816 5.4161096 0 P 0
L 3.446 5.485 3.474 5.485 0 P 0
L 3.45 1.165 3.5 1.165 0 P 0
L 3.451816 5.4021096 3.451816 5.4301096 0 P 0
L 3.4533465 1.655 3.4966535 1.655 0 P 0
L 3.46 5.471 3.46 5.499 0 P 0
L 3.475 1.14 3.475 1.19 0 P 0
L 3.475 1.6333465 3.475 1.6766535 0 P 0
L 3.476 3.955 3.504 3.955 0 P 0
L 3.481 2.57 3.509 2.57 0 P 0
L 3.49 3.941 3.49 3.969 0 P 0
L 3.495 2.556 3.495 2.584 0 P 0
L 3.496 3.855 3.524 3.855 0 P 0
L 3.5042456 1.9450128 3.5357416 1.9450128 0 P 0
L 3.5042456 2.3450128 3.5357416 2.3450128 0 P 0
L 3.51 3.841 3.51 3.869 0 P 0
L 3.5199936 1.9292648 3.5199936 1.9607608 0 P 0
L 3.5199936 2.3292648 3.5199936 2.3607608 0 P 0
L 3.531 3.66 3.559 3.66 0 P 0
L 3.536 3.76 3.564 3.76 0 P 0
L 3.545 3.646 3.545 3.674 0 P 0
L 3.546 3.555 3.574 3.555 0 P 0
L 3.55 3.746 3.55 3.774 0 P 0
L 3.556 1.475 3.584 1.475 0 P 0
L 3.56 3.541 3.56 3.569 0 P 0
L 3.561 2.57 3.589 2.57 0 P 0
L 3.57 1.461 3.57 1.489 0 P 0
L 3.575 2.556 3.575 2.584 0 P 0
L 3.6035 3.48875 3.6315 3.48875 0 P 0
L 3.6175 3.47475 3.6175 3.50275 0 P 0
L 3.620315 5.125 3.659685 5.125 0 P 0
L 3.620315 5.345 3.659685 5.345 0 P 0
L 3.620315 5.56 3.659685 5.56 0 P 0
L 3.6222835 4.905 3.6577165 4.905 0 P 0
L 3.631 2.57 3.659 2.57 0 P 0
L 3.636 1.475 3.664 1.475 0 P 0
L 3.64 4.8872835 3.64 4.9227165 0 P 0
L 3.64 5.105315 3.64 5.144685 0 P 0
L 3.64 5.325315 3.64 5.364685 0 P 0
L 3.64 5.540315 3.64 5.579685 0 P 0
L 3.645 2.556 3.645 2.584 0 P 0
L 3.65 1.461 3.65 1.489 0 P 0
L 3.691 3.125 3.719 3.125 0 P 0
L 3.696 3.3 3.724 3.3 0 P 0
L 3.7042488 1.9450064 3.7357448 1.9450064 0 P 0
L 3.7042488 2.3450064 3.7357448 2.3450064 0 P 0
L 3.705 3.111 3.705 3.139 0 P 0
L 3.706 5.04 3.734 5.04 0 P 0
L 3.71 3.286 3.71 3.314 0 P 0
L 3.7199968 1.9292584 3.7199968 1.9607544 0 P 0
L 3.7199968 2.3292584 3.7199968 2.3607544 0 P 0
L 3.72 5.026 3.72 5.054 0 P 0
L 3.720315 5.125 3.759685 5.125 0 P 0
L 3.720315 5.345 3.759685 5.345 0 P 0
L 3.720315 5.56 3.759685 5.56 0 P 0
L 3.7222835 4.905 3.7577165 4.905 0 P 0
L 3.7283465 1.655 3.7716535 1.655 0 P 0
L 3.73 1.165 3.78 1.165 0 P 0
L 3.74 4.8872835 3.74 4.9227165 0 P 0
L 3.74 5.105315 3.74 5.144685 0 P 0
L 3.74 5.325315 3.74 5.364685 0 P 0
L 3.74 5.540315 3.74 5.579685 0 P 0
L 3.75 1.6333465 3.75 1.6766535 0 P 0
L 3.755 1.14 3.755 1.19 0 P 0
L 3.756 4.245 3.784 4.245 0 P 0
L 3.756 4.75 3.784 4.75 0 P 0
L 3.760315 3.56 3.799685 3.56 0 P 0
L 3.760315 3.66 3.799685 3.66 0 P 0
L 3.760315 3.76 3.799685 3.76 0 P 0
L 3.760315 3.86 3.799685 3.86 0 P 0
L 3.760315 3.96 3.799685 3.96 0 P 0
L 3.760315 4.06 3.799685 4.06 0 P 0
L 3.766 4.99 3.794 4.99 0 P 0
L 3.77 4.231 3.77 4.259 0 P 0
L 3.77 4.736 3.77 4.764 0 P 0
L 3.78 3.540315 3.78 3.579685 0 P 0
L 3.78 3.640315 3.78 3.679685 0 P 0
L 3.78 3.740315 3.78 3.779685 0 P 0
L 3.78 3.840315 3.78 3.879685 0 P 0
L 3.78 3.940315 3.78 3.979685 0 P 0
L 3.78 4.040315 3.78 4.079685 0 P 0
L 3.78 4.976 3.78 5.004 0 P 0
L 3.816 3.365 3.844 3.365 0 P 0
L 3.820315 5.125 3.859685 5.125 0 P 0
L 3.820315 5.345 3.859685 5.345 0 P 0
L 3.820315 5.56 3.859685 5.56 0 P 0
L 3.8283465 1.655 3.8716535 1.655 0 P 0
L 3.83 3.351 3.83 3.379 0 P 0
L 3.832 3.075 3.868 3.075 0 P 0
L 3.84 5.105315 3.84 5.144685 0 P 0
L 3.84 5.325315 3.84 5.364685 0 P 0
L 3.84 5.540315 3.84 5.579685 0 P 0
L 3.85 1.6333465 3.85 1.6766535 0 P 0
L 3.85 3.057 3.85 3.093 0 P 0
L 3.861 3.505 3.889 3.505 0 P 0
L 3.871 5.055 3.899 5.055 0 P 0
L 3.875 3.491 3.875 3.519 0 P 0
L 3.8827876 4.6515136 3.9107876 4.6515136 0 P 0
L 3.885 5.041 3.885 5.069 0 P 0
L 3.8967876 4.6375136 3.8967876 4.6655136 0 P 0
L 3.920315 5.125 3.959685 5.125 0 P 0
L 3.920315 5.345 3.959685 5.345 0 P 0
L 3.920315 5.56 3.959685 5.56 0 P 0
L 3.9222835 4.9025 3.9577165 4.9025 0 P 0
L 3.9283465 1.655 3.9716535 1.655 0 P 0
L 3.93 1.165 3.98 1.165 0 P 0
L 3.932 3.075 3.968 3.075 0 P 0
L 3.936 3.32 3.964 3.32 0 P 0
L 3.94 4.8847835 3.94 4.9202165 0 P 0
L 3.94 5.105315 3.94 5.144685 0 P 0
L 3.94 5.325315 3.94 5.364685 0 P 0
L 3.94 5.540315 3.94 5.579685 0 P 0
L 3.95 1.6333465 3.95 1.6766535 0 P 0
L 3.95 3.057 3.95 3.093 0 P 0
L 3.95 3.306 3.95 3.334 0 P 0
L 3.955 1.14 3.955 1.19 0 P 0
L 3.971 3.255 3.999 3.255 0 P 0
L 3.9742488 1.9450064 4.0057448 1.9450064 0 P 0
L 3.9742488 2.3450064 4.0057448 2.3450064 0 P 0
L 3.976 3.575 4.004 3.575 0 P 0
L 3.985 3.241 3.985 3.269 0 P 0
L 3.986 3.86 4.014 3.86 0 P 0
L 3.9899968 1.9292584 3.9899968 1.9607544 0 P 0
L 3.9899968 2.3292584 3.9899968 2.3607544 0 P 0
L 3.99 3.561 3.99 3.589 0 P 0
L 4 3.846 4 3.874 0 P 0
L 4.006 5.055 4.034 5.055 0 P 0
L 4.02 5.041 4.02 5.069 0 P 0
L 4.020315 5.56 4.059685 5.56 0 P 0
L 4.0222835 4.9025 4.0577165 4.9025 0 P 0
L 4.032 3.075 4.068 3.075 0 P 0
L 4.036 1.475 4.064 1.475 0 P 0
L 4.04 4.8847835 4.04 4.9202165 0 P 0
L 4.04 5.540315 4.04 5.579685 0 P 0
L 4.0412062 2.6202062 4.0692062 2.6202062 0 P 0
L 4.05 1.461 4.05 1.489 0 P 0
L 4.05 3.057 4.05 3.093 0 P 0
L 4.0552062 2.6062062 4.0552062 2.6342062 0 P 0
L 4.106 1.475 4.134 1.475 0 P 0
L 4.1087402 5.345 4.1481102 5.345 0 P 0
L 4.12 1.461 4.12 1.489 0 P 0
L 4.120315 5.56 4.159685 5.56 0 P 0
L 4.1284252 5.325315 4.1284252 5.364685 0 P 0
L 4.132 3.075 4.168 3.075 0 P 0
L 4.14 5.540315 4.14 5.579685 0 P 0
L 4.15 3.057 4.15 3.093 0 P 0
L 4.160315 3.56 4.199685 3.56 0 P 0
L 4.160315 3.66 4.199685 3.66 0 P 0
L 4.160315 3.76 4.199685 3.76 0 P 0
L 4.160315 3.86 4.199685 3.86 0 P 0
L 4.160315 3.96 4.199685 3.96 0 P 0
L 4.160315 4.06 4.199685 4.06 0 P 0
L 4.1692488 1.9450064 4.2007448 1.9450064 0 P 0
L 4.1692488 2.3450064 4.2007448 2.3450064 0 P 0
L 4.1702362 4.805 4.1997638 4.805 0 P 0
L 4.1702362 5.205 4.1997638 5.205 0 P 0
L 4.18 3.540315 4.18 3.579685 0 P 0
L 4.18 3.640315 4.18 3.679685 0 P 0
L 4.18 3.740315 4.18 3.779685 0 P 0
L 4.18 3.840315 4.18 3.879685 0 P 0
L 4.18 3.940315 4.18 3.979685 0 P 0
L 4.18 4.040315 4.18 4.079685 0 P 0
L 4.1849968 1.9292584 4.1849968 1.9607544 0 P 0
L 4.1849968 2.3292584 4.1849968 2.3607544 0 P 0
L 4.185 4.7902362 4.185 4.8197638 0 P 0
L 4.185 5.1902362 4.185 5.2197638 0 P 0
L 4.196 4.305 4.224 4.305 0 P 0
L 4.196 4.365 4.224 4.365 0 P 0
L 4.1963108 4.4309096 4.2243108 4.4309096 0 P 0
L 4.201 4.655 4.229 4.655 0 P 0
L 4.2033465 1.655 4.2466535 1.655 0 P 0
L 4.205 1.165 4.255 1.165 0 P 0
L 4.2095276 5.345 4.2488976 5.345 0 P 0
L 4.21 4.291 4.21 4.319 0 P 0
L 4.21 4.351 4.21 4.379 0 P 0
L 4.2103108 4.4169096 4.2103108 4.4449096 0 P 0
L 4.215 4.641 4.215 4.669 0 P 0
L 4.220315 5.56 4.259685 5.56 0 P 0
L 4.225 1.6333465 4.225 1.6766535 0 P 0
L 4.2292126 5.325315 4.2292126 5.364685 0 P 0
L 4.23 1.14 4.23 1.19 0 P 0
L 4.232 3.075 4.268 3.075 0 P 0
L 4.24 5.540315 4.24 5.579685 0 P 0
L 4.25 3.057 4.25 3.093 0 P 0
L 4.3002362 4.805 4.3297638 4.805 0 P 0
L 4.3002362 5.205 4.3297638 5.205 0 P 0
L 4.3033465 1.655 4.3466535 1.655 0 P 0
L 4.310315 5.345 4.349685 5.345 0 P 0
L 4.315 4.7902362 4.315 4.8197638 0 P 0
L 4.315 5.1902362 4.315 5.2197638 0 P 0
L 4.320315 5.56 4.359685 5.56 0 P 0
L 4.325 1.6333465 4.325 1.6766535 0 P 0
L 4.33 5.325315 4.33 5.364685 0 P 0
L 4.332 3.075 4.368 3.075 0 P 0
L 4.34 5.540315 4.34 5.579685 0 P 0
L 4.341 4.215 4.369 4.215 0 P 0
L 4.35 3.057 4.35 3.093 0 P 0
L 4.355 4.201 4.355 4.229 0 P 0
L 4.4033465 1.655 4.4466535 1.655 0 P 0
L 4.40378 4.2116448 4.43178 4.2116448 0 P 0
L 4.405 1.165 4.455 1.165 0 P 0
L 4.41778 4.1976448 4.41778 4.2256448 0 P 0
L 4.4202362 4.805 4.4497638 4.805 0 P 0
L 4.4202362 5.205 4.4497638 5.205 0 P 0
L 4.425 1.6333465 4.425 1.6766535 0 P 0
L 4.4292456 3.3099968 4.4607416 3.3099968 0 P 0
L 4.43 1.14 4.43 1.19 0 P 0
L 4.432 3.075 4.468 3.075 0 P 0
L 4.435 4.7902362 4.435 4.8197638 0 P 0
L 4.435 5.1902362 4.435 5.2197638 0 P 0
L 4.4409449 3.59 4.5590551 3.59 0 P 0
L 4.4449936 3.2942488 4.4449936 3.3257448 0 P 0
L 4.45 3.057 4.45 3.093 0 P 0
L 4.4542488 1.9450064 4.4857448 1.9450064 0 P 0
L 4.4542488 2.3450064 4.4857448 2.3450064 0 P 0
L 4.4699968 1.9292584 4.4699968 1.9607544 0 P 0
L 4.4699968 2.3292584 4.4699968 2.3607544 0 P 0
L 4.471 3.96 4.499 3.96 0 P 0
L 4.476 4.21 4.504 4.21 0 P 0
L 4.485 3.946 4.485 3.974 0 P 0
L 4.49 4.196 4.49 4.224 0 P 0
L 4.5 3.5309449 4.5 3.6490551 0 P 0
L 4.506 1.475 4.534 1.475 0 P 0
L 4.5144744 5.2888812 4.5424744 5.2888812 0 P 0
L 4.52 1.461 4.52 1.489 0 P 0
L 4.5284744 5.2748812 4.5284744 5.3028812 0 P 0
L 4.536 3.2 4.564 3.2 0 P 0
L 4.546 4.21 4.574 4.21 0 P 0
L 4.55 3.186 4.55 3.214 0 P 0
L 4.5588656 5.3484052 4.5868656 5.3484052 0 P 0
L 4.56 4.196 4.56 4.224 0 P 0
L 4.5728656 5.3344052 4.5728656 5.3624052 0 P 0
L 4.586 1.475 4.614 1.475 0 P 0
L 4.6 1.461 4.6 1.489 0 P 0
L 4.616 4.21 4.644 4.21 0 P 0
L 4.621 4.85 4.649 4.85 0 P 0
L 4.63 4.196 4.63 4.224 0 P 0
L 4.635 4.836 4.635 4.864 0 P 0
L 4.6492488 1.9450064 4.6807448 1.9450064 0 P 0
L 4.6492488 2.3450064 4.6807448 2.3450064 0 P 0
L 4.6649968 1.9292584 4.6649968 1.9607544 0 P 0
L 4.6649968 2.3292584 4.6649968 2.3607544 0 P 0
L 4.666 4.425 4.694 4.425 0 P 0
L 4.6783465 1.655 4.7216535 1.655 0 P 0
L 4.68 1.165 4.73 1.165 0 P 0
L 4.68 4.411 4.68 4.439 0 P 0
L 4.691 4.21 4.719 4.21 0 P 0
L 4.7 1.6333465 4.7 1.6766535 0 P 0
L 4.701 4.855 4.729 4.855 0 P 0
L 4.701 5.195 4.729 5.195 0 P 0
L 4.705 1.14 4.705 1.19 0 P 0
L 4.705 4.196 4.705 4.224 0 P 0
L 4.705315 5.005 4.744685 5.005 0 P 0
L 4.705315 5.405 4.744685 5.405 0 P 0
L 4.710315 5.56 4.749685 5.56 0 P 0
L 4.715 4.841 4.715 4.869 0 P 0
L 4.715 5.181 4.715 5.209 0 P 0
L 4.721 4.375 4.749 4.375 0 P 0
L 4.725 4.985315 4.725 5.024685 0 P 0
L 4.725 5.385315 4.725 5.424685 0 P 0
L 4.73 5.540315 4.73 5.579685 0 P 0
L 4.735 4.361 4.735 4.389 0 P 0
L 4.771 4.21 4.799 4.21 0 P 0
L 4.7736324 4.3207956 4.8016324 4.3207956 0 P 0
L 4.7783465 1.655 4.8216535 1.655 0 P 0
L 4.785 4.196 4.785 4.224 0 P 0
L 4.7876324 4.3067956 4.7876324 4.3347956 0 P 0
L 4.7912032 4.534238 4.8192032 4.534238 0 P 0
L 4.8 1.6333465 4.8 1.6766535 0 P 0
L 4.8052032 4.520238 4.8052032 4.548238 0 P 0
L 4.810315 5.56 4.849685 5.56 0 P 0
L 4.816 4.735 4.844 4.735 0 P 0
L 4.825315 5.005 4.864685 5.005 0 P 0
L 4.825315 5.405 4.864685 5.405 0 P 0
L 4.826 2.63 4.854 2.63 0 P 0
L 4.8292456 3.3099968 4.8607416 3.3099968 0 P 0
L 4.83 2.7812598 4.86 2.7812598 0 P 0
L 4.83 2.8812598 4.86 2.8812598 0 P 0
L 4.83 2.9812598 4.86 2.9812598 0 P 0
L 4.83 3.0812598 4.86 3.0812598 0 P 0
L 4.83 4.721 4.83 4.749 0 P 0
L 4.83 5.540315 4.83 5.579685 0 P 0
L 4.84 2.616 4.84 2.644 0 P 0
L 4.8449936 3.2942488 4.8449936 3.3257448 0 P 0
L 4.845 2.7662598 4.845 2.7962598 0 P 0
L 4.845 2.8662598 4.845 2.8962598 0 P 0
L 4.845 2.9662598 4.845 2.9962598 0 P 0
L 4.845 3.0662598 4.845 3.0962598 0 P 0
L 4.845 4.985315 4.845 5.024685 0 P 0
L 4.845 5.385315 4.845 5.424685 0 P 0
L 4.851 4.21 4.879 4.21 0 P 0
L 4.8547332 4.4679256 4.8827332 4.4679256 0 P 0
L 4.865 4.196 4.865 4.224 0 P 0
L 4.8687332 4.4539256 4.8687332 4.4819256 0 P 0
L 4.8783465 1.655 4.9216535 1.655 0 P 0
L 4.88 1.165 4.93 1.165 0 P 0
L 4.9 1.6333465 4.9 1.6766535 0 P 0
L 4.905 1.14 4.905 1.19 0 P 0
L 4.910315 5.56 4.949685 5.56 0 P 0
L 4.926 4.21 4.954 4.21 0 P 0
L 4.93 5.540315 4.93 5.579685 0 P 0
L 4.931 2.735 4.959 2.735 0 P 0
L 4.9342488 1.9450064 4.9657448 1.9450064 0 P 0
L 4.9342488 2.3450064 4.9657448 2.3450064 0 P 0
L 4.94 4.196 4.94 4.224 0 P 0
L 4.940315 5.005 4.979685 5.005 0 P 0
L 4.940315 5.405 4.979685 5.405 0 P 0
L 4.945 2.721 4.945 2.749 0 P 0
L 4.9499968 1.9292584 4.9499968 1.9607544 0 P 0
L 4.9499968 2.3292584 4.9499968 2.3607544 0 P 0
L 4.96 4.985315 4.96 5.024685 0 P 0
L 4.96 5.385315 4.96 5.424685 0 P 0
L 4.981 3.815 5.009 3.815 0 P 0
L 4.986 1.475 5.014 1.475 0 P 0
L 4.986 3.96 5.014 3.96 0 P 0
L 4.986 4.555 5.014 4.555 0 P 0
L 4.995 3.801 4.995 3.829 0 P 0
L 5 1.461 5 1.489 0 P 0
L 5 3.946 5 3.974 0 P 0
L 5 4.541 5 4.569 0 P 0
L 5.010315 5.56 5.049685 5.56 0 P 0
L 5.03 5.540315 5.03 5.579685 0 P 0
L 5.091 4.465 5.119 4.465 0 P 0
L 5.096 4.21 5.124 4.21 0 P 0
L 5.105 4.451 5.105 4.479 0 P 0
L 5.11 4.196 5.11 4.224 0 P 0
L 5.13 2.7812598 5.16 2.7812598 0 P 0
L 5.13 2.8812598 5.16 2.8812598 0 P 0
L 5.13 2.9812598 5.16 2.9812598 0 P 0
L 5.13 3.0812598 5.16 3.0812598 0 P 0
L 5.145 2.7662598 5.145 2.7962598 0 P 0
L 5.145 2.8662598 5.145 2.8962598 0 P 0
L 5.145 2.9662598 5.145 2.9962598 0 P 0
L 5.145 3.0662598 5.145 3.0962598 0 P 0
L 5.2059449 1.11 5.3240551 1.11 0 P 0
L 5.2059449 2.555 5.3240551 2.555 0 P 0
L 5.265 1.0509449 5.265 1.1690551 0 P 0
L 5.265 2.4959449 5.265 2.6140551 0 P 0
L 5.545315 3.66 5.584685 3.66 0 P 0
L 5.545315 3.76 5.584685 3.76 0 P 0
L 5.545315 3.86 5.584685 3.86 0 P 0
L 5.545315 3.96 5.584685 3.96 0 P 0
L 5.565 3.640315 5.565 3.679685 0 P 0
L 5.565 3.740315 5.565 3.779685 0 P 0
L 5.565 3.840315 5.565 3.879685 0 P 0
L 5.565 3.940315 5.565 3.979685 0 P 0
L 5.5855 4.375 5.6145 4.375 0 P 0
L 5.6 4.3605 5.6 4.3895 0 P 0
L 5.6355408 3.3098704 5.6635408 3.3098704 0 P 0
L 5.6495408 3.2958704 5.6495408 3.3238704 0 P 0
L 5.6637402 2.775 5.7031102 2.775 0 P 0
L 5.6834252 2.755315 5.6834252 2.794685 0 P 0
L 5.751 3.2 5.779 3.2 0 P 0
L 5.7535 3.4025 5.7815 3.4025 0 P 0
L 5.7645276 2.775 5.8038976 2.775 0 P 0
L 5.765 3.186 5.765 3.214 0 P 0
L 5.7675 3.3885 5.7675 3.4165 0 P 0
L 5.776 4.115 5.804 4.115 0 P 0
L 5.7842126 2.755315 5.7842126 2.794685 0 P 0
L 5.79 4.101 5.79 4.129 0 P 0
L 5.809252 3.31 5.840748 3.31 0 P 0
L 5.825 3.294252 5.825 3.325748 0 P 0
L 5.865315 2.775 5.904685 2.775 0 P 0
L 5.880315 4.87 5.919685 4.87 0 P 0
L 5.885 2.755315 5.885 2.794685 0 P 0
L 5.9 4.850315 5.9 4.889685 0 P 0
L 5.9854725 5.475 6.0445275 5.475 0 P 0
L 5.9855 4.375 6.0145 4.375 0 P 0
L 5.986 4.24 6.014 4.24 0 P 0
L 5.9983465 5.085 6.0416535 5.085 0 P 0
L 6 4.226 6 4.254 0 P 0
L 6 4.3605 6 4.3895 0 P 0
L 6.015 5.4454725 6.015 5.5045275 0 P 0
L 6.02 5.0633465 6.02 5.1066535 0 P 0
L 6.0983465 5.085 6.1416535 5.085 0 P 0
L 6.12 5.0633465 6.12 5.1066535 0 P 0
L 6.1854725 5.475 6.2445275 5.475 0 P 0
L 6.1983465 5.085 6.2416535 5.085 0 P 0
L 6.209252 3.31 6.240748 3.31 0 P 0
L 6.21 2.7812598 6.24 2.7812598 0 P 0
L 6.21 2.8812598 6.24 2.8812598 0 P 0
L 6.21 2.9812598 6.24 2.9812598 0 P 0
L 6.21 3.0812598 6.24 3.0812598 0 P 0
L 6.215 5.4454725 6.215 5.5045275 0 P 0
L 6.22 5.0633465 6.22 5.1066535 0 P 0
L 6.225 2.7662598 6.225 2.7962598 0 P 0
L 6.225 2.8662598 6.225 2.8962598 0 P 0
L 6.225 2.9662598 6.225 2.9962598 0 P 0
L 6.225 3.0662598 6.225 3.0962598 0 P 0
L 6.225 3.294252 6.225 3.325748 0 P 0
L 6.2709449 1.11 6.3890551 1.11 0 P 0
L 6.2709449 2.56 6.3890551 2.56 0 P 0
L 6.2905 4.375 6.3195 4.375 0 P 0
L 6.305 4.3605 6.305 4.3895 0 P 0
L 6.33 1.0509449 6.33 1.1690551 0 P 0
L 6.33 2.5009449 6.33 2.6190551 0 P 0
L 6.3854725 5.475 6.4445275 5.475 0 P 0
L 6.415 5.4454725 6.415 5.5045275 0 P 0
L 6.435 4.585 6.475 4.585 0 P 0
L 6.435 5.085 6.475 5.085 0 P 0
L 6.455 4.565 6.455 4.605 0 P 0
L 6.455 5.065 6.455 5.105 0 P 0
L 6.51 2.7812598 6.54 2.7812598 0 P 0
L 6.51 2.8812598 6.54 2.8812598 0 P 0
L 6.51 2.9812598 6.54 2.9812598 0 P 0
L 6.51 3.0812598 6.54 3.0812598 0 P 0
L 6.525 2.7662598 6.525 2.7962598 0 P 0
L 6.525 2.8662598 6.525 2.8962598 0 P 0
L 6.525 2.9662598 6.525 2.9962598 0 P 0
L 6.525 3.0662598 6.525 3.0962598 0 P 0
L 6.5259449 1.11 6.6440551 1.11 0 P 0
L 6.5259449 2.555 6.6440551 2.555 0 P 0
L 6.585 1.0509449 6.585 1.1690551 0 P 0
L 6.585 2.4959449 6.585 2.6140551 0 P 0
L 6.6104725 5.475 6.6695275 5.475 0 P 0
L 6.64 5.4454725 6.64 5.5045275 0 P 0
L 6.6905 4.375 6.7195 4.375 0 P 0
L 6.7033465 5.085 6.7466535 5.085 0 P 0
L 6.705 4.3605 6.705 4.3895 0 P 0
L 6.725 5.0633465 6.725 5.1066535 0 P 0
L 6.796 4.35 6.824 4.35 0 P 0
L 6.8033465 5.085 6.8466535 5.085 0 P 0
L 6.81 4.336 6.81 4.364 0 P 0
L 6.8104725 5.475 6.8695275 5.475 0 P 0
L 6.825 5.0633465 6.825 5.1066535 0 P 0
L 6.84 5.4454725 6.84 5.5045275 0 P 0
L 6.9033465 5.085 6.9466535 5.085 0 P 0
L 6.925 5.0633465 6.925 5.1066535 0 P 0
L 6.985 4.36 7.025 4.36 0 P 0
L 7.005 4.34 7.005 4.38 0 P 0
L 7.0104725 5.475 7.0695275 5.475 0 P 0
L 7.0137402 2.775 7.0531102 2.775 0 P 0
L 7.0334252 2.755315 7.0334252 2.794685 0 P 0
L 7.04 5.4454725 7.04 5.5045275 0 P 0
L 7.1145276 2.775 7.1538976 2.775 0 P 0
L 7.13 4.58 7.17 4.58 0 P 0
L 7.13 5.08 7.17 5.08 0 P 0
L 7.1342126 2.755315 7.1342126 2.794685 0 P 0
L 7.15 4.56 7.15 4.6 0 P 0
L 7.15 5.06 7.15 5.1 0 P 0
L 7.215315 2.775 7.254685 2.775 0 P 0
L 7.235 2.755315 7.235 2.794685 0 P 0
L 7.2354725 5.475 7.2945275 5.475 0 P 0
L 7.265 5.4454725 7.265 5.5045275 0 P 0
L 7.32 4.58 7.36 4.58 0 P 0
L 7.32 5.08 7.36 5.08 0 P 0
L 7.34 4.56 7.34 4.6 0 P 0
L 7.34 5.06 7.34 5.1 0 P 0
L 7.4354725 5.475 7.4945275 5.475 0 P 0
L 7.465 5.4454725 7.465 5.5045275 0 P 0
L 7.485 4.36 7.525 4.36 0 P 0
L 7.505 4.34 7.505 4.38 0 P 0
L 7.515 4.58 7.555 4.58 0 P 0
L 7.515 5.08 7.555 5.08 0 P 0
L 7.535 4.56 7.535 4.6 0 P 0
L 7.535 5.06 7.535 5.1 0 P 0
L 7.5809449 1.11 7.6990551 1.11 0 P 0
L 7.5809449 2.555 7.6990551 2.555 0 P 0
L 7.6354725 5.475 7.6945275 5.475 0 P 0
L 7.64 1.0509449 7.64 1.1690551 0 P 0
L 7.64 2.4959449 7.64 2.6140551 0 P 0
L 7.665 5.4454725 7.665 5.5045275 0 P 0
L 7.8259449 1.13 7.9440551 1.13 0 P 0
L 7.8459449 5.605 7.9640551 5.605 0 P 0
L 7.885 1.0709449 7.885 1.1890551 0 P 0
L 7.905 5.5459449 7.905 5.6640551 0 P 0
