#Layer_Color=6321
#
#Feature symbol names
#
$0 r5
$1 r6.6666

#
#Feature attribute names
#

#
#Layer features
#
A 1.175 4.91 1.175 4.91 1.155 4.91 1 P 0 N
A 1.1925 4.0675 1.1925 4.0675 1.1725 4.0675 1 P 0 N
A 1.195 4.295 1.195 4.295 1.175 4.295 1 P 0 N
A 1.2335866 3.1513986 1.2335866 3.1513986 1.2135866 3.1513986 1 P 0 N
A 1.235 3.085 1.235 3.085 1.215 3.085 1 P 0 N
A 1.2398708 4.732828 1.2398708 4.732828 1.2198708 4.732828 1 P 0 N
A 1.2429021 4.9101588 1.2429021 4.9101588 1.2229021 4.9101588 1 P 0 N
A 1.295 2.965315 1.295 2.965315 1.275 2.965315 1 P 0 N
A 1.3 4.445 1.3 4.445 1.28 4.445 1 P 0 N
A 1.305 4.57 1.305 4.57 1.285 4.57 1 P 0 N
A 1.31 4.91 1.31 4.91 1.29 4.91 1 P 0 N
A 1.3127098 5.241826 1.3127098 5.241826 1.2927098 5.241826 1 P 0 N
A 1.315 5.15 1.315 5.15 1.295 5.15 1 P 0 N
A 1.375 3.035 1.375 3.035 1.355 3.035 1 P 0 N
A 1.415 2.885 1.415 2.885 1.395 2.885 1 P 0 N
A 1.4165029 3.4407624 1.4165029 3.4407624 1.3965029 3.4407624 1 P 0 N
A 1.43 4.76 1.43 4.76 1.41 4.76 1 P 0 N
A 1.4683625 2.9653014 1.4683625 2.9653014 1.4483625 2.9653014 1 P 0 N
A 1.47 4.565 1.47 4.565 1.45 4.565 1 P 0 N
A 1.5030916 4.9616064 1.5030916 4.9616064 1.4830916 4.9616064 1 P 0 N
A 1.505 5.145 1.505 5.145 1.485 5.145 1 P 0 N
A 1.53 4.825 1.53 4.825 1.51 4.825 1 P 0 N
A 1.6608266 4.8086932 1.6608266 4.8086932 1.6408266 4.8086932 1 P 0 N
A 1.665 5.245 1.665 5.245 1.645 5.245 1 P 0 N
A 1.695 3.615 1.695 3.615 1.675 3.615 1 P 0 N
A 1.7 4.66 1.7 4.66 1.68 4.66 1 P 0 N
A 1.7310072 4.907626 1.7310072 4.907626 1.7110072 4.907626 1 P 0 N
A 1.74 4.5 1.74 4.5 1.72 4.5 1 P 0 N
A 1.748527 4.7093592 1.748527 4.7093592 1.728527 4.7093592 1 P 0 N
A 1.8154662 4.9578312 1.8154662 4.9578312 1.7954662 4.9578312 1 P 0 N
A 1.8245938 4.8051136 1.8245938 4.8051136 1.8045938 4.8051136 1 P 0 N
A 1.8551204 3.4376728 1.8551204 3.4376728 1.8351204 3.4376728 1 P 0 N
A 1.85749 3.512386 1.85749 3.512386 1.83749 3.512386 1 P 0 N
A 1.8918612 3.0871018 1.8918612 3.0871018 1.8718612 3.0871018 1 P 0 N
A 1.894923 3.1529294 1.894923 3.1529294 1.874923 3.1529294 1 P 0 N
A 1.925 4.9 1.925 4.9 1.905 4.9 1 P 0 N
A 1.9880348 4.9010652 1.9880348 4.9010652 1.9680348 4.9010652 1 P 0 N
A 2.15 4.215 2.15 4.215 2.13 4.215 1 P 0 N
A 2.15 4.59 2.15 4.59 2.13 4.59 1 P 0 N
A 2.175 5.55 2.175 5.55 2.155 5.55 1 P 0 N
A 2.18 3.99 2.18 3.99 2.16 3.99 1 P 0 N
A 2.215 4.965 2.215 4.965 2.195 4.965 1 P 0 N
A 2.215 5.135 2.215 5.135 2.195 5.135 1 P 0 N
A 2.245 1.475 2.245 1.475 2.225 1.475 1 P 0 N
A 2.245 5.355 2.245 5.355 2.225 5.355 1 P 0 N
A 2.255 3.45 2.255 3.45 2.235 3.45 1 P 0 N
A 2.255 3.655 2.255 3.655 2.235 3.655 1 P 0 N
A 2.275 4.635 2.275 4.635 2.255 4.635 1 P 0 N
A 2.28 4.415 2.28 4.415 2.26 4.415 1 P 0 N
A 2.295 5.46 2.295 5.46 2.275 5.46 1 P 0 N
A 2.305 4.745 2.305 4.745 2.285 4.745 1 P 0 N
A 2.335 4.215 2.335 4.215 2.315 4.215 1 P 0 N
A 2.335 4.28 2.335 4.28 2.315 4.28 1 P 0 N
A 2.335 4.345 2.335 4.345 2.315 4.345 1 P 0 N
A 2.345 5.41 2.345 5.41 2.325 5.41 1 P 0 N
A 2.385 4.745 2.385 4.745 2.365 4.745 1 P 0 N
A 2.39 4.39 2.39 4.39 2.37 4.39 1 P 0 N
A 2.435 4.435 2.435 4.435 2.415 4.435 1 P 0 N
A 2.44 4.945 2.44 4.945 2.42 4.945 1 P 0 N
A 2.445 2.355 2.445 2.355 2.425 2.355 1 P 0 N
A 2.46 4.67 2.46 4.67 2.44 4.67 1 P 0 N
A 2.465 5.065 2.465 5.065 2.445 5.065 1 P 0 N
A 2.4892078 5.385 2.4892078 5.385 2.4692078 5.385 1 P 0 N
A 2.49 4.515 2.49 4.515 2.47 4.515 1 P 0 N
A 2.5025 2.62 2.5025 2.62 2.4825 2.62 1 P 0 N
A 2.5025197 2.685 2.5025197 2.685 2.4825197 2.685 1 P 0 N
A 2.505 2.315 2.505 2.315 2.485 2.315 1 P 0 N
A 2.505 2.425 2.505 2.425 2.485 2.425 1 P 0 N
A 2.505 2.49 2.505 2.49 2.485 2.49 1 P 0 N
A 2.505 2.555 2.505 2.555 2.485 2.555 1 P 0 N
A 2.505 4.435 2.505 4.435 2.485 4.435 1 P 0 N
A 2.54 4.705 2.54 4.705 2.52 4.705 1 P 0 N
A 2.545 5.435 2.545 5.435 2.525 5.435 1 P 0 N
A 2.55 5.03 2.55 5.03 2.53 5.03 1 P 0 N
A 2.57 4.535 2.57 4.535 2.55 4.535 1 P 0 N
A 2.605 4.705 2.605 4.705 2.585 4.705 1 P 0 N
A 2.61 4.27 2.61 4.27 2.59 4.27 1 P 0 N
A 2.615 2.185 2.615 2.185 2.595 2.185 1 P 0 N
A 2.625 3.795 2.625 3.795 2.605 3.795 1 P 0 N
A 2.625 4.13 2.625 4.13 2.605 4.13 1 P 0 N
A 2.6380604 4.5362884 2.6380604 4.5362884 2.6180604 4.5362884 1 P 0 N
A 2.645 1.475 2.645 1.475 2.625 1.475 1 P 0 N
A 2.65 2.41 2.65 2.41 2.63 2.41 1 P 0 N
A 2.67 4.705 2.67 4.705 2.65 4.705 1 P 0 N
A 2.68 4.075 2.68 4.075 2.66 4.075 1 P 0 N
A 2.69 2.77 2.69 2.77 2.67 2.77 1 P 0 N
A 2.695 2.315 2.695 2.315 2.675 2.315 1 P 0 N
A 2.715 1.475 2.715 1.475 2.695 1.475 1 P 0 N
A 2.715 4.65 2.715 4.65 2.695 4.65 1 P 0 N
A 2.72 2.41 2.72 2.41 2.7 2.41 1 P 0 N
A 2.735 5.25 2.735 5.25 2.715 5.25 1 P 0 N
A 2.755 4.005 2.755 4.005 2.735 4.005 1 P 0 N
A 2.8 3.95 2.8 3.95 2.78 3.95 1 P 0 N
A 2.86 2.48 2.86 2.48 2.84 2.48 1 P 0 N
A 2.92 5.345 2.92 5.345 2.9 5.345 1 P 0 N
A 2.925 5.205 2.925 5.205 2.905 5.205 1 P 0 N
A 3 5.465 3 5.465 2.98 5.465 1 P 0 N
A 3.045 4.345 3.045 4.345 3.025 4.345 1 P 0 N
A 3.0516028 2.5644108 3.0516028 2.5644108 3.0316028 2.5644108 1 P 0 N
A 3.115 1.475 3.115 1.475 3.095 1.475 1 P 0 N
A 3.115 4.315 3.115 4.315 3.095 4.315 1 P 0 N
A 3.125 5.67 3.125 5.67 3.105 5.67 1 P 0 N
A 3.145 3.89 3.145 3.89 3.125 3.89 1 P 0 N
A 3.145 4.09 3.145 4.09 3.125 4.09 1 P 0 N
A 3.1552238 5.2429736 3.1552238 5.2429736 3.1352238 5.2429736 1 P 0 N
A 3.1819832 4.1913512 3.1819832 4.1913512 3.1619832 4.1913512 1 P 0 N
A 3.19 1.475 3.19 1.475 3.17 1.475 1 P 0 N
A 3.2 4.28 3.2 4.28 3.18 4.28 1 P 0 N
A 3.2 4.52 3.2 4.52 3.18 4.52 1 P 0 N
A 3.205 5.365 3.205 5.365 3.185 5.365 1 P 0 N
A 3.235 3.365 3.235 3.365 3.215 3.365 1 P 0 N
A 3.25 4.565 3.25 4.565 3.23 4.565 1 P 0 N
A 3.255 4.695 3.255 4.695 3.235 4.695 1 P 0 N
A 3.305 3.365 3.305 3.365 3.285 3.365 1 P 0 N
A 3.305 4.145 3.305 4.145 3.285 4.145 1 P 0 N
A 3.33 4.695 3.33 4.695 3.31 4.695 1 P 0 N
A 3.33125 4.47875 3.33125 4.47875 3.31125 4.47875 1 P 0 N
A 3.3384258 4.89518 3.3384258 4.89518 3.3184258 4.89518 1 P 0 N
A 3.4 4.695 3.4 4.695 3.38 4.695 1 P 0 N
A 3.4 4.76 3.4 4.76 3.38 4.76 1 P 0 N
A 3.4012232 4.8434076 3.4012232 4.8434076 3.3812232 4.8434076 1 P 0 N
A 3.43 2.57 3.43 2.57 3.41 2.57 1 P 0 N
A 3.471816 5.4161096 3.471816 5.4161096 3.451816 5.4161096 1 P 0 N
A 3.48 5.485 3.48 5.485 3.46 5.485 1 P 0 N
A 3.51 3.955 3.51 3.955 3.49 3.955 1 P 0 N
A 3.515 2.57 3.515 2.57 3.495 2.57 1 P 0 N
A 3.53 3.855 3.53 3.855 3.51 3.855 1 P 0 N
A 3.565 3.66 3.565 3.66 3.545 3.66 1 P 0 N
A 3.57 3.76 3.57 3.76 3.55 3.76 1 P 0 N
A 3.58 3.555 3.58 3.555 3.56 3.555 1 P 0 N
A 3.59 1.475 3.59 1.475 3.57 1.475 1 P 0 N
A 3.595 2.57 3.595 2.57 3.575 2.57 1 P 0 N
A 3.6375 3.48875 3.6375 3.48875 3.6175 3.48875 1 P 0 N
A 3.665 2.57 3.665 2.57 3.645 2.57 1 P 0 N
A 3.67 1.475 3.67 1.475 3.65 1.475 1 P 0 N
A 3.725 3.125 3.725 3.125 3.705 3.125 1 P 0 N
A 3.73 3.3 3.73 3.3 3.71 3.3 1 P 0 N
A 3.74 5.04 3.74 5.04 3.72 5.04 1 P 0 N
A 3.79 4.245 3.79 4.245 3.77 4.245 1 P 0 N
A 3.79 4.75 3.79 4.75 3.77 4.75 1 P 0 N
A 3.8 4.99 3.8 4.99 3.78 4.99 1 P 0 N
A 3.85 3.365 3.85 3.365 3.83 3.365 1 P 0 N
A 3.895 3.505 3.895 3.505 3.875 3.505 1 P 0 N
A 3.905 5.055 3.905 5.055 3.885 5.055 1 P 0 N
A 3.9167876 4.6515136 3.9167876 4.6515136 3.8967876 4.6515136 1 P 0 N
A 3.97 3.32 3.97 3.32 3.95 3.32 1 P 0 N
A 4.005 3.255 4.005 3.255 3.985 3.255 1 P 0 N
A 4.01 3.575 4.01 3.575 3.99 3.575 1 P 0 N
A 4.02 3.86 4.02 3.86 4 3.86 1 P 0 N
A 4.04 5.055 4.04 5.055 4.02 5.055 1 P 0 N
A 4.07 1.475 4.07 1.475 4.05 1.475 1 P 0 N
A 4.0752062 2.6202062 4.0752062 2.6202062 4.0552062 2.6202062 1 P 0 N
A 4.14 1.475 4.14 1.475 4.12 1.475 1 P 0 N
A 4.23 4.305 4.23 4.305 4.21 4.305 1 P 0 N
A 4.23 4.365 4.23 4.365 4.21 4.365 1 P 0 N
A 4.2303108 4.4309096 4.2303108 4.4309096 4.2103108 4.4309096 1 P 0 N
A 4.235 4.655 4.235 4.655 4.215 4.655 1 P 0 N
A 4.375 4.215 4.375 4.215 4.355 4.215 1 P 0 N
A 4.43778 4.2116448 4.43778 4.2116448 4.41778 4.2116448 1 P 0 N
A 4.505 3.96 4.505 3.96 4.485 3.96 1 P 0 N
A 4.51 4.21 4.51 4.21 4.49 4.21 1 P 0 N
A 4.54 1.475 4.54 1.475 4.52 1.475 1 P 0 N
A 4.5484744 5.2888812 4.5484744 5.2888812 4.5284744 5.2888812 1 P 0 N
A 4.57 3.2 4.57 3.2 4.55 3.2 1 P 0 N
A 4.58 4.21 4.58 4.21 4.56 4.21 1 P 0 N
A 4.5928656 5.3484052 4.5928656 5.3484052 4.5728656 5.3484052 1 P 0 N
A 4.62 1.475 4.62 1.475 4.6 1.475 1 P 0 N
A 4.65 4.21 4.65 4.21 4.63 4.21 1 P 0 N
A 4.655 4.85 4.655 4.85 4.635 4.85 1 P 0 N
A 4.7 4.425 4.7 4.425 4.68 4.425 1 P 0 N
A 4.725 4.21 4.725 4.21 4.705 4.21 1 P 0 N
A 4.735 4.855 4.735 4.855 4.715 4.855 1 P 0 N
A 4.735 5.195 4.735 5.195 4.715 5.195 1 P 0 N
A 4.755 4.375 4.755 4.375 4.735 4.375 1 P 0 N
A 4.805 4.21 4.805 4.21 4.785 4.21 1 P 0 N
A 4.8076324 4.3207956 4.8076324 4.3207956 4.7876324 4.3207956 1 P 0 N
A 4.8252032 4.534238 4.8252032 4.534238 4.8052032 4.534238 1 P 0 N
A 4.85 4.735 4.85 4.735 4.83 4.735 1 P 0 N
A 4.86 2.63 4.86 2.63 4.84 2.63 1 P 0 N
A 4.885 4.21 4.885 4.21 4.865 4.21 1 P 0 N
A 4.8887332 4.4679256 4.8887332 4.4679256 4.8687332 4.4679256 1 P 0 N
A 4.96 4.21 4.96 4.21 4.94 4.21 1 P 0 N
A 4.965 2.735 4.965 2.735 4.945 2.735 1 P 0 N
A 5.015 3.815 5.015 3.815 4.995 3.815 1 P 0 N
A 5.02 1.475 5.02 1.475 5 1.475 1 P 0 N
A 5.02 3.96 5.02 3.96 5 3.96 1 P 0 N
A 5.02 4.555 5.02 4.555 5 4.555 1 P 0 N
A 5.125 4.465 5.125 4.465 5.105 4.465 1 P 0 N
A 5.13 4.21 5.13 4.21 5.11 4.21 1 P 0 N
A 5.6695408 3.3098704 5.6695408 3.3098704 5.6495408 3.3098704 1 P 0 N
A 5.785 3.2 5.785 3.2 5.765 3.2 1 P 0 N
A 5.7875 3.4025 5.7875 3.4025 5.7675 3.4025 1 P 0 N
A 5.81 4.115 5.81 4.115 5.79 4.115 1 P 0 N
A 6.02 4.24 6.02 4.24 6 4.24 1 P 0 N
A 6.83 4.35 6.83 4.35 6.81 4.35 1 P 0 N
L 1.035 3.8904725 1.055 3.8504725 0 P 0
L 1.035 3.8904725 1.075 3.8904725 0 P 0
L 1.035 3.9888977 1.055 3.9488977 0 P 0
L 1.035 3.9888977 1.075 3.9888977 0 P 0
L 1.035 4.0873229 1.055 4.0473229 0 P 0
L 1.035 4.0873229 1.075 4.0873229 0 P 0
L 1.035 4.1857481 1.055 4.1457481 0 P 0
L 1.035 4.1857481 1.075 4.1857481 0 P 0
L 1.035 4.2841733 1.055 4.2441733 0 P 0
L 1.035 4.2841733 1.075 4.2841733 0 P 0
L 1.035 4.3825984 1.055 4.3425984 0 P 0
L 1.035 4.3825984 1.075 4.3825984 0 P 0
L 1.035 4.4810236 1.055 4.4410236 0 P 0
L 1.035 4.4810236 1.075 4.4810236 0 P 0
L 1.035 4.5794488 1.055 4.5394488 0 P 0
L 1.035 4.5794488 1.075 4.5794488 0 P 0
L 1.035 4.677874 1.055 4.637874 0 P 0
L 1.035 4.677874 1.075 4.677874 0 P 0
L 1.035 4.7762992 1.055 4.7362992 0 P 0
L 1.035 4.7762992 1.075 4.7762992 0 P 0
L 1.035 4.8747244 1.055 4.8347244 0 P 0
L 1.035 4.8747244 1.075 4.8747244 0 P 0
L 1.035 4.9731496 1.055 4.9331496 0 P 0
L 1.035 4.9731496 1.075 4.9731496 0 P 0
L 1.035 5.0715748 1.055 5.0315748 0 P 0
L 1.035 5.0715748 1.075 5.0715748 0 P 0
L 1.035 5.17 1.055 5.13 0 P 0
L 1.035 5.17 1.075 5.17 0 P 0
L 1.035 5.2684252 1.055 5.2284252 0 P 0
L 1.035 5.2684252 1.075 5.2684252 0 P 0
L 1.035 5.37 1.055 5.33 0 P 0
L 1.035 5.37 1.075 5.37 0 P 0
L 1.035 5.4684252 1.055 5.4284252 0 P 0
L 1.035 5.4684252 1.075 5.4684252 0 P 0
L 1.035 5.5652756 1.055 5.5252756 0 P 0
L 1.035 5.5652756 1.075 5.5652756 0 P 0
L 1.035 5.6652756 1.055 5.6252756 0 P 0
L 1.035 5.6652756 1.075 5.6652756 0 P 0
L 1.043 3.8824725 1.055 3.8584725 0 P 0
L 1.043 3.8824725 1.067 3.8824725 0 P 0
L 1.043 3.9808977 1.055 3.9568977 0 P 0
L 1.043 3.9808977 1.067 3.9808977 0 P 0
L 1.043 4.0793229 1.055 4.0553229 0 P 0
L 1.043 4.0793229 1.067 4.0793229 0 P 0
L 1.043 4.1777481 1.055 4.1537481 0 P 0
L 1.043 4.1777481 1.067 4.1777481 0 P 0
L 1.043 4.2761733 1.055 4.2521733 0 P 0
L 1.043 4.2761733 1.067 4.2761733 0 P 0
L 1.043 4.3745984 1.055 4.3505984 0 P 0
L 1.043 4.3745984 1.067 4.3745984 0 P 0
L 1.043 4.4730236 1.055 4.4490236 0 P 0
L 1.043 4.4730236 1.067 4.4730236 0 P 0
L 1.043 4.5714488 1.055 4.5474488 0 P 0
L 1.043 4.5714488 1.067 4.5714488 0 P 0
L 1.043 4.669874 1.055 4.645874 0 P 0
L 1.043 4.669874 1.067 4.669874 0 P 0
L 1.043 4.7682992 1.055 4.7442992 0 P 0
L 1.043 4.7682992 1.067 4.7682992 0 P 0
L 1.043 4.8667244 1.055 4.8427244 0 P 0
L 1.043 4.8667244 1.067 4.8667244 0 P 0
L 1.043 4.9651496 1.055 4.9411496 0 P 0
L 1.043 4.9651496 1.067 4.9651496 0 P 0
L 1.043 5.0635748 1.055 5.0395748 0 P 0
L 1.043 5.0635748 1.067 5.0635748 0 P 0
L 1.043 5.162 1.055 5.138 0 P 0
L 1.043 5.162 1.067 5.162 0 P 0
L 1.043 5.2604252 1.055 5.2364252 0 P 0
L 1.043 5.2604252 1.067 5.2604252 0 P 0
L 1.043 5.362 1.055 5.338 0 P 0
L 1.043 5.362 1.067 5.362 0 P 0
L 1.043 5.4604252 1.055 5.4364252 0 P 0
L 1.043 5.4604252 1.067 5.4604252 0 P 0
L 1.043 5.5572756 1.055 5.5332756 0 P 0
L 1.043 5.5572756 1.067 5.5572756 0 P 0
L 1.043 5.6572756 1.055 5.6332756 0 P 0
L 1.043 5.6572756 1.067 5.6572756 0 P 0
L 1.055 3.8504725 1.075 3.8904725 0 P 0
L 1.055 3.8584725 1.067 3.8824725 0 P 0
L 1.055 3.9488977 1.075 3.9888977 0 P 0
L 1.055 3.9568977 1.067 3.9808977 0 P 0
L 1.055 4.0473229 1.075 4.0873229 0 P 0
L 1.055 4.0553229 1.067 4.0793229 0 P 0
L 1.055 4.1457481 1.075 4.1857481 0 P 0
L 1.055 4.1537481 1.067 4.1777481 0 P 0
L 1.055 4.2441733 1.075 4.2841733 0 P 0
L 1.055 4.2521733 1.067 4.2761733 0 P 0
L 1.055 4.3425984 1.075 4.3825984 0 P 0
L 1.055 4.3505984 1.067 4.3745984 0 P 0
L 1.055 4.4410236 1.075 4.4810236 0 P 0
L 1.055 4.4490236 1.067 4.4730236 0 P 0
L 1.055 4.5394488 1.075 4.5794488 0 P 0
L 1.055 4.5474488 1.067 4.5714488 0 P 0
L 1.055 4.637874 1.075 4.677874 0 P 0
L 1.055 4.645874 1.067 4.669874 0 P 0
L 1.055 4.7362992 1.075 4.7762992 0 P 0
L 1.055 4.7442992 1.067 4.7682992 0 P 0
L 1.055 4.8347244 1.075 4.8747244 0 P 0
L 1.055 4.8427244 1.067 4.8667244 0 P 0
L 1.055 4.9331496 1.075 4.9731496 0 P 0
L 1.055 4.9411496 1.067 4.9651496 0 P 0
L 1.055 5.0315748 1.075 5.0715748 0 P 0
L 1.055 5.0395748 1.067 5.0635748 0 P 0
L 1.055 5.13 1.075 5.17 0 P 0
L 1.055 5.138 1.067 5.162 0 P 0
L 1.055 5.2284252 1.075 5.2684252 0 P 0
L 1.055 5.2364252 1.067 5.2604252 0 P 0
L 1.055 5.33 1.075 5.37 0 P 0
L 1.055 5.338 1.067 5.362 0 P 0
L 1.055 5.4284252 1.075 5.4684252 0 P 0
L 1.055 5.4364252 1.067 5.4604252 0 P 0
L 1.055 5.5252756 1.075 5.5652756 0 P 0
L 1.055 5.5332756 1.067 5.5572756 0 P 0
L 1.055 5.6252756 1.075 5.6652756 0 P 0
L 1.055 5.6332756 1.067 5.6572756 0 P 0
L 1.09 2.7999919 1.09 2.775 0 P 0
L 1.09 2.7999919 1.1066613 2.7999919 0 P 0
L 1.09 2.8249838 1.09 2.7999919 0 P 0
L 1.09 2.8999919 1.09 2.875 0 P 0
L 1.09 2.8999919 1.1066613 2.8999919 0 P 0
L 1.09 2.9249838 1.09 2.8999919 0 P 0
L 1.095 3.2749919 1.095 3.25 0 P 0
L 1.095 3.2749919 1.1116613 3.2749919 0 P 0
L 1.095 3.2999838 1.095 3.2749919 0 P 0
L 1.095 3.3749919 1.095 3.35 0 P 0
L 1.095 3.3749919 1.1116613 3.3749919 0 P 0
L 1.095 3.3999838 1.095 3.3749919 0 P 0
L 1.105 1.12 1.105 1.14 0 P 0
L 1.105 1.12 1.115 1.12 0 P 0
L 1.105 1.14 1.115 1.14 0 P 0
L 1.1066613 2.7999919 1.09 2.7999919 0 P 0
L 1.1066613 2.8999919 1.09 2.8999919 0 P 0
L 1.1116613 3.2749919 1.095 3.2749919 0 P 0
L 1.1116613 3.3749919 1.095 3.3749919 0 P 0
L 1.115 1.11 1.115 1.12 0 P 0
L 1.115 1.11 1.135 1.11 0 P 0
L 1.115 1.14 1.115 1.15 0 P 0
L 1.115 1.15 1.135 1.15 0 P 0
L 1.1233226 2.8249838 1.09 2.8249838 0 P 0
L 1.1233226 2.9249838 1.09 2.9249838 0 P 0
L 1.1283226 3.2999838 1.095 3.2999838 0 P 0
L 1.1283226 3.3999838 1.095 3.3999838 0 P 0
L 1.135 1.11 1.135 1.12 0 P 0
L 1.135 1.12 1.145 1.12 0 P 0
L 1.135 1.14 1.135 1.15 0 P 0
L 1.135 1.14 1.145 1.14 0 P 0
L 1.14 2.135 1.14 2.145 0 P 0
L 1.14 2.135 1.15 2.135 0 P 0
L 1.14 2.145 1.15 2.155 0 P 0
L 1.14 2.165 1.14 2.175 0 P 0
L 1.14 2.165 1.15 2.155 0 P 0
L 1.14 2.175 1.15 2.175 0 P 0
L 1.145 1.12 1.145 1.14 0 P 0
L 1.146063 2.455 1.146063 2.475 0 P 0
L 1.146063 2.455 1.156063 2.455 0 P 0
L 1.146063 2.475 1.156063 2.475 0 P 0
L 1.146063 2.5534252 1.146063 2.5734252 0 P 0
L 1.146063 2.5534252 1.156063 2.5534252 0 P 0
L 1.146063 2.5734252 1.156063 2.5734252 0 P 0
L 1.148 2.143 1.148 2.149 0 P 0
L 1.148 2.143 1.154 2.143 0 P 0
L 1.148 2.149 1.154 2.155 0 P 0
L 1.148 2.161 1.148 2.167 0 P 0
L 1.148 2.161 1.154 2.155 0 P 0
L 1.148 2.167 1.154 2.167 0 P 0
L 1.15 2.135 1.16 2.145 0 P 0
L 1.15 2.175 1.16 2.165 0 P 0
L 1.154 2.143 1.16 2.149 0 P 0
L 1.154 2.167 1.16 2.161 0 P 0
L 1.154063 2.459 1.154063 2.471 0 P 0
L 1.154063 2.459 1.160063 2.459 0 P 0
L 1.154063 2.471 1.160063 2.471 0 P 0
L 1.154063 2.5574252 1.154063 2.5694252 0 P 0
L 1.154063 2.5574252 1.160063 2.5574252 0 P 0
L 1.154063 2.5694252 1.160063 2.5694252 0 P 0
L 1.156063 2.445 1.156063 2.455 0 P 0
L 1.156063 2.445 1.176063 2.445 0 P 0
L 1.156063 2.475 1.156063 2.485 0 P 0
L 1.156063 2.485 1.176063 2.485 0 P 0
L 1.156063 2.5434252 1.156063 2.5534252 0 P 0
L 1.156063 2.5434252 1.176063 2.5434252 0 P 0
L 1.156063 2.5734252 1.156063 2.5834252 0 P 0
L 1.156063 2.5834252 1.176063 2.5834252 0 P 0
L 1.16 2.145 1.17 2.135 0 P 0
L 1.16 2.149 1.166 2.143 0 P 0
L 1.16 2.161 1.166 2.167 0 P 0
L 1.16 2.165 1.17 2.175 0 P 0
L 1.160063 2.453 1.160063 2.459 0 P 0
L 1.160063 2.453 1.172063 2.453 0 P 0
L 1.160063 2.471 1.160063 2.477 0 P 0
L 1.160063 2.477 1.172063 2.477 0 P 0
L 1.160063 2.5514252 1.160063 2.5574252 0 P 0
L 1.160063 2.5514252 1.172063 2.5514252 0 P 0
L 1.160063 2.5694252 1.160063 2.5754252 0 P 0
L 1.160063 2.5754252 1.172063 2.5754252 0 P 0
L 1.166 2.143 1.172 2.143 0 P 0
L 1.166 2.155 1.172 2.149 0 P 0
L 1.166 2.155 1.172 2.161 0 P 0
L 1.166 2.167 1.172 2.167 0 P 0
L 1.17 2.135 1.18 2.135 0 P 0
L 1.17 2.155 1.18 2.145 0 P 0
L 1.17 2.155 1.18 2.165 0 P 0
L 1.17 2.175 1.18 2.175 0 P 0
L 1.172 2.143 1.172 2.149 0 P 0
L 1.172 2.161 1.172 2.167 0 P 0
L 1.172063 2.453 1.172063 2.459 0 P 0
L 1.172063 2.459 1.178063 2.459 0 P 0
L 1.172063 2.471 1.172063 2.477 0 P 0
L 1.172063 2.471 1.178063 2.471 0 P 0
L 1.172063 2.5514252 1.172063 2.5574252 0 P 0
L 1.172063 2.5574252 1.178063 2.5574252 0 P 0
L 1.172063 2.5694252 1.172063 2.5754252 0 P 0
L 1.172063 2.5694252 1.178063 2.5694252 0 P 0
L 1.176063 2.445 1.176063 2.455 0 P 0
L 1.176063 2.455 1.186063 2.455 0 P 0
L 1.176063 2.475 1.176063 2.485 0 P 0
L 1.176063 2.475 1.186063 2.475 0 P 0
L 1.176063 2.5434252 1.176063 2.5534252 0 P 0
L 1.176063 2.5534252 1.186063 2.5534252 0 P 0
L 1.176063 2.5734252 1.176063 2.5834252 0 P 0
L 1.176063 2.5734252 1.186063 2.5734252 0 P 0
L 1.178063 2.459 1.178063 2.471 0 P 0
L 1.178063 2.5574252 1.178063 2.5694252 0 P 0
L 1.18 2.135 1.18 2.145 0 P 0
L 1.18 2.165 1.18 2.175 0 P 0
L 1.186063 2.455 1.186063 2.475 0 P 0
L 1.186063 2.5534252 1.186063 2.5734252 0 P 0
L 1.23 5.595 1.23 5.615 0 P 0
L 1.23 5.595 1.24 5.595 0 P 0
L 1.23 5.615 1.24 5.615 0 P 0
L 1.24 5.585 1.24 5.595 0 P 0
L 1.24 5.585 1.26 5.585 0 P 0
L 1.24 5.615 1.24 5.625 0 P 0
L 1.24 5.625 1.26 5.625 0 P 0
L 1.26 5.585 1.26 5.595 0 P 0
L 1.26 5.595 1.27 5.595 0 P 0
L 1.26 5.615 1.26 5.625 0 P 0
L 1.26 5.615 1.27 5.615 0 P 0
L 1.27 5.595 1.27 5.615 0 P 0
L 1.2838583 2.455 1.2838583 2.475 0 P 0
L 1.2838583 2.455 1.2938583 2.455 0 P 0
L 1.2838583 2.475 1.2938583 2.475 0 P 0
L 1.2838583 2.5534252 1.2838583 2.5734252 0 P 0
L 1.2838583 2.5534252 1.2938583 2.5534252 0 P 0
L 1.2838583 2.5734252 1.2938583 2.5734252 0 P 0
L 1.2918583 2.459 1.2918583 2.471 0 P 0
L 1.2918583 2.459 1.2978583 2.459 0 P 0
L 1.2918583 2.471 1.2978583 2.471 0 P 0
L 1.2918583 2.5574252 1.2918583 2.5694252 0 P 0
L 1.2918583 2.5574252 1.2978583 2.5574252 0 P 0
L 1.2918583 2.5694252 1.2978583 2.5694252 0 P 0
L 1.2938583 2.445 1.2938583 2.455 0 P 0
L 1.2938583 2.445 1.3138583 2.445 0 P 0
L 1.2938583 2.475 1.2938583 2.485 0 P 0
L 1.2938583 2.485 1.3138583 2.485 0 P 0
L 1.2938583 2.5434252 1.2938583 2.5534252 0 P 0
L 1.2938583 2.5434252 1.3138583 2.5434252 0 P 0
L 1.2938583 2.5734252 1.2938583 2.5834252 0 P 0
L 1.2938583 2.5834252 1.3138583 2.5834252 0 P 0
L 1.2978583 2.453 1.2978583 2.459 0 P 0
L 1.2978583 2.453 1.3098583 2.453 0 P 0
L 1.2978583 2.471 1.2978583 2.477 0 P 0
L 1.2978583 2.477 1.3098583 2.477 0 P 0
L 1.2978583 2.5514252 1.2978583 2.5574252 0 P 0
L 1.2978583 2.5514252 1.3098583 2.5514252 0 P 0
L 1.2978583 2.5694252 1.2978583 2.5754252 0 P 0
L 1.2978583 2.5754252 1.3098583 2.5754252 0 P 0
L 1.3098583 2.453 1.3098583 2.459 0 P 0
L 1.3098583 2.459 1.3158583 2.459 0 P 0
L 1.3098583 2.471 1.3098583 2.477 0 P 0
L 1.3098583 2.471 1.3158583 2.471 0 P 0
L 1.3098583 2.5514252 1.3098583 2.5574252 0 P 0
L 1.3098583 2.5574252 1.3158583 2.5574252 0 P 0
L 1.3098583 2.5694252 1.3098583 2.5754252 0 P 0
L 1.3098583 2.5694252 1.3158583 2.5694252 0 P 0
L 1.3138583 2.445 1.3138583 2.455 0 P 0
L 1.3138583 2.455 1.3238583 2.455 0 P 0
L 1.3138583 2.475 1.3138583 2.485 0 P 0
L 1.3138583 2.475 1.3238583 2.475 0 P 0
L 1.3138583 2.5434252 1.3138583 2.5534252 0 P 0
L 1.3138583 2.5534252 1.3238583 2.5534252 0 P 0
L 1.3138583 2.5734252 1.3138583 2.5834252 0 P 0
L 1.3138583 2.5734252 1.3238583 2.5734252 0 P 0
L 1.3158583 2.459 1.3158583 2.471 0 P 0
L 1.3158583 2.5574252 1.3158583 2.5694252 0 P 0
L 1.3238583 2.455 1.3238583 2.475 0 P 0
L 1.3238583 2.5534252 1.3238583 2.5734252 0 P 0
L 1.33716 2.155 1.33716 2.1883226 0 P 0
L 1.33716 2.1883226 1.3538213 2.2049838 0 P 0
L 1.3538213 2.2049838 1.3704826 2.1883226 0 P 0
L 1.3704826 2.155 1.3704826 2.1799919 0 P 0
L 1.3704826 2.1799919 1.33716 2.1799919 0 P 0
L 1.3704826 2.1883226 1.3704826 2.155 0 P 0
L 1.4180315 2.5142126 1.4513541 2.5142126 0 P 0
L 1.4180315 2.5392045 1.4346928 2.5392045 0 P 0
L 1.4180315 2.5641964 1.4180315 2.5142126 0 P 0
L 1.4513541 2.5641964 1.4180315 2.5641964 0 P 0
L 1.45352 1.97 1.45352 2.0033226 0 P 0
L 1.45352 2.0033226 1.4701813 2.0199838 0 P 0
L 1.4701813 2.0199838 1.4868426 2.0033226 0 P 0
L 1.4868426 1.97 1.4868426 1.9949919 0 P 0
L 1.4868426 1.9949919 1.45352 1.9949919 0 P 0
L 1.4868426 2.0033226 1.4868426 1.97 0 P 0
L 1.5122047 2.455 1.5122047 2.475 0 P 0
L 1.5122047 2.455 1.5222047 2.455 0 P 0
L 1.5122047 2.475 1.5222047 2.475 0 P 0
L 1.5122047 2.5534252 1.5122047 2.5734252 0 P 0
L 1.5122047 2.5534252 1.5222047 2.5534252 0 P 0
L 1.5122047 2.5734252 1.5222047 2.5734252 0 P 0
L 1.5202047 2.459 1.5202047 2.471 0 P 0
L 1.5202047 2.459 1.5262047 2.459 0 P 0
L 1.5202047 2.471 1.5262047 2.471 0 P 0
L 1.5202047 2.5574252 1.5202047 2.5694252 0 P 0
L 1.5202047 2.5574252 1.5262047 2.5574252 0 P 0
L 1.5202047 2.5694252 1.5262047 2.5694252 0 P 0
L 1.5222047 2.445 1.5222047 2.455 0 P 0
L 1.5222047 2.445 1.5422047 2.445 0 P 0
L 1.5222047 2.475 1.5222047 2.485 0 P 0
L 1.5222047 2.485 1.5422047 2.485 0 P 0
L 1.5222047 2.5434252 1.5222047 2.5534252 0 P 0
L 1.5222047 2.5434252 1.5422047 2.5434252 0 P 0
L 1.5222047 2.5734252 1.5222047 2.5834252 0 P 0
L 1.5222047 2.5834252 1.5422047 2.5834252 0 P 0
L 1.5262047 2.453 1.5262047 2.459 0 P 0
L 1.5262047 2.453 1.5382047 2.453 0 P 0
L 1.5262047 2.471 1.5262047 2.477 0 P 0
L 1.5262047 2.477 1.5382047 2.477 0 P 0
L 1.5262047 2.5514252 1.5262047 2.5574252 0 P 0
L 1.5262047 2.5514252 1.5382047 2.5514252 0 P 0
L 1.5262047 2.5694252 1.5262047 2.5754252 0 P 0
L 1.5262047 2.5754252 1.5382047 2.5754252 0 P 0
L 1.5303543 1.36 1.5403543 1.36 0 P 0
L 1.5303543 1.36 1.5403543 1.37 0 P 0
L 1.5303543 1.38 1.5403543 1.37 0 P 0
L 1.5303543 1.38 1.5403543 1.38 0 P 0
L 1.5303543 1.7537008 1.5403543 1.7537008 0 P 0
L 1.5303543 1.7537008 1.5403543 1.7637008 0 P 0
L 1.5303543 1.7737008 1.5403543 1.7637008 0 P 0
L 1.5303543 1.7737008 1.5403543 1.7737008 0 P 0
L 1.5382047 2.453 1.5382047 2.459 0 P 0
L 1.5382047 2.459 1.5442047 2.459 0 P 0
L 1.5382047 2.471 1.5382047 2.477 0 P 0
L 1.5382047 2.471 1.5442047 2.471 0 P 0
L 1.5382047 2.5514252 1.5382047 2.5574252 0 P 0
L 1.5382047 2.5574252 1.5442047 2.5574252 0 P 0
L 1.5382047 2.5694252 1.5382047 2.5754252 0 P 0
L 1.5382047 2.5694252 1.5442047 2.5694252 0 P 0
L 1.5383543 1.364 1.5443543 1.364 0 P 0
L 1.5383543 1.364 1.5443543 1.37 0 P 0
L 1.5383543 1.376 1.5443543 1.37 0 P 0
L 1.5383543 1.376 1.5443543 1.376 0 P 0
L 1.5383543 1.7577008 1.5443543 1.7577008 0 P 0
L 1.5383543 1.7577008 1.5443543 1.7637008 0 P 0
L 1.5383543 1.7697008 1.5443543 1.7637008 0 P 0
L 1.5383543 1.7697008 1.5443543 1.7697008 0 P 0
L 1.5403543 1.36 1.5503543 1.35 0 P 0
L 1.5403543 1.38 1.5503543 1.39 0 P 0
L 1.5403543 1.7537008 1.5503543 1.7437008 0 P 0
L 1.5403543 1.7737008 1.5503543 1.7837008 0 P 0
L 1.5422047 2.445 1.5422047 2.455 0 P 0
L 1.5422047 2.455 1.5522047 2.455 0 P 0
L 1.5422047 2.475 1.5422047 2.485 0 P 0
L 1.5422047 2.475 1.5522047 2.475 0 P 0
L 1.5422047 2.5434252 1.5422047 2.5534252 0 P 0
L 1.5422047 2.5534252 1.5522047 2.5534252 0 P 0
L 1.5422047 2.5734252 1.5422047 2.5834252 0 P 0
L 1.5422047 2.5734252 1.5522047 2.5734252 0 P 0
L 1.5442047 2.459 1.5442047 2.471 0 P 0
L 1.5442047 2.5574252 1.5442047 2.5694252 0 P 0
L 1.5443543 1.364 1.5503543 1.358 0 P 0
L 1.5443543 1.376 1.5503543 1.382 0 P 0
L 1.5443543 1.7577008 1.5503543 1.7517008 0 P 0
L 1.5443543 1.7697008 1.5503543 1.7757008 0 P 0
L 1.5503543 1.35 1.5603543 1.36 0 P 0
L 1.5503543 1.358 1.5563543 1.364 0 P 0
L 1.5503543 1.382 1.5563543 1.376 0 P 0
L 1.5503543 1.39 1.5603543 1.38 0 P 0
L 1.5503543 1.7437008 1.5603543 1.7537008 0 P 0
L 1.5503543 1.7517008 1.5563543 1.7577008 0 P 0
L 1.5503543 1.7757008 1.5563543 1.7697008 0 P 0
L 1.5503543 1.7837008 1.5603543 1.7737008 0 P 0
L 1.5522047 2.455 1.5522047 2.475 0 P 0
L 1.5522047 2.5534252 1.5522047 2.5734252 0 P 0
L 1.5563543 1.364 1.5623543 1.364 0 P 0
L 1.5563543 1.37 1.5623543 1.364 0 P 0
L 1.5563543 1.37 1.5623543 1.376 0 P 0
L 1.5563543 1.376 1.5623543 1.376 0 P 0
L 1.5563543 1.7577008 1.5623543 1.7577008 0 P 0
L 1.5563543 1.7637008 1.5623543 1.7577008 0 P 0
L 1.5563543 1.7637008 1.5623543 1.7697008 0 P 0
L 1.5563543 1.7697008 1.5623543 1.7697008 0 P 0
L 1.5603543 1.36 1.5703543 1.36 0 P 0
L 1.5603543 1.37 1.5703543 1.36 0 P 0
L 1.5603543 1.37 1.5703543 1.38 0 P 0
L 1.5603543 1.38 1.5703543 1.38 0 P 0
L 1.5603543 1.7537008 1.5703543 1.7537008 0 P 0
L 1.5603543 1.7637008 1.5703543 1.7537008 0 P 0
L 1.5603543 1.7637008 1.5703543 1.7737008 0 P 0
L 1.5603543 1.7737008 1.5703543 1.7737008 0 P 0
L 1.57352 2.155 1.5985119 2.155 0 P 0
L 1.57352 2.1799919 1.5985119 2.1799919 0 P 0
L 1.57352 2.2049838 1.57352 2.155 0 P 0
L 1.5985119 2.155 1.6068426 2.1633306 0 P 0
L 1.5985119 2.1799919 1.57352 2.1799919 0 P 0
L 1.5985119 2.1799919 1.6068426 2.1883226 0 P 0
L 1.5985119 2.2049838 1.57352 2.2049838 0 P 0
L 1.6068426 2.1633306 1.6068426 2.1716613 0 P 0
L 1.6068426 2.1716613 1.5985119 2.1799919 0 P 0
L 1.6068426 2.1883226 1.6068426 2.1966532 0 P 0
L 1.6068426 2.1966532 1.5985119 2.2049838 0 P 0
L 1.65 2.455 1.65 2.475 0 P 0
L 1.65 2.455 1.66 2.455 0 P 0
L 1.65 2.475 1.66 2.475 0 P 0
L 1.65 2.5534252 1.65 2.5734252 0 P 0
L 1.65 2.5534252 1.66 2.5534252 0 P 0
L 1.65 2.5734252 1.66 2.5734252 0 P 0
L 1.658 2.459 1.658 2.471 0 P 0
L 1.658 2.459 1.664 2.459 0 P 0
L 1.658 2.471 1.664 2.471 0 P 0
L 1.658 2.5574252 1.658 2.5694252 0 P 0
L 1.658 2.5574252 1.664 2.5574252 0 P 0
L 1.658 2.5694252 1.664 2.5694252 0 P 0
L 1.66 2.445 1.66 2.455 0 P 0
L 1.66 2.445 1.68 2.445 0 P 0
L 1.66 2.475 1.66 2.485 0 P 0
L 1.66 2.485 1.68 2.485 0 P 0
L 1.66 2.5434252 1.66 2.5534252 0 P 0
L 1.66 2.5434252 1.68 2.5434252 0 P 0
L 1.66 2.5734252 1.66 2.5834252 0 P 0
L 1.66 2.5834252 1.68 2.5834252 0 P 0
L 1.664 2.453 1.664 2.459 0 P 0
L 1.664 2.453 1.676 2.453 0 P 0
L 1.664 2.471 1.664 2.477 0 P 0
L 1.664 2.477 1.676 2.477 0 P 0
L 1.664 2.5514252 1.664 2.5574252 0 P 0
L 1.664 2.5514252 1.676 2.5514252 0 P 0
L 1.664 2.5694252 1.664 2.5754252 0 P 0
L 1.664 2.5754252 1.676 2.5754252 0 P 0
L 1.676 2.453 1.676 2.459 0 P 0
L 1.676 2.459 1.682 2.459 0 P 0
L 1.676 2.471 1.676 2.477 0 P 0
L 1.676 2.471 1.682 2.471 0 P 0
L 1.676 2.5514252 1.676 2.5574252 0 P 0
L 1.676 2.5574252 1.682 2.5574252 0 P 0
L 1.676 2.5694252 1.676 2.5754252 0 P 0
L 1.676 2.5694252 1.682 2.5694252 0 P 0
L 1.68 2.445 1.68 2.455 0 P 0
L 1.68 2.455 1.69 2.455 0 P 0
L 1.68 2.475 1.68 2.485 0 P 0
L 1.68 2.475 1.69 2.475 0 P 0
L 1.68 2.5434252 1.68 2.5534252 0 P 0
L 1.68 2.5534252 1.69 2.5534252 0 P 0
L 1.68 2.5734252 1.68 2.5834252 0 P 0
L 1.68 2.5734252 1.69 2.5734252 0 P 0
L 1.682 2.459 1.682 2.471 0 P 0
L 1.682 2.5574252 1.682 2.5694252 0 P 0
L 1.69 2.455 1.69 2.475 0 P 0
L 1.69 2.5534252 1.69 2.5734252 0 P 0
L 1.865 1.36 1.875 1.36 0 P 0
L 1.865 1.36 1.875 1.37 0 P 0
L 1.865 1.38 1.875 1.37 0 P 0
L 1.865 1.38 1.875 1.38 0 P 0
L 1.865 1.7537008 1.875 1.7537008 0 P 0
L 1.865 1.7537008 1.875 1.7637008 0 P 0
L 1.865 1.7737008 1.875 1.7637008 0 P 0
L 1.865 1.7737008 1.875 1.7737008 0 P 0
L 1.873 1.364 1.879 1.364 0 P 0
L 1.873 1.364 1.879 1.37 0 P 0
L 1.873 1.376 1.879 1.37 0 P 0
L 1.873 1.376 1.879 1.376 0 P 0
L 1.873 1.7577008 1.879 1.7577008 0 P 0
L 1.873 1.7577008 1.879 1.7637008 0 P 0
L 1.873 1.7697008 1.879 1.7637008 0 P 0
L 1.873 1.7697008 1.879 1.7697008 0 P 0
L 1.875 1.36 1.885 1.35 0 P 0
L 1.875 1.38 1.885 1.39 0 P 0
L 1.875 1.7537008 1.885 1.7437008 0 P 0
L 1.875 1.7737008 1.885 1.7837008 0 P 0
L 1.879 1.364 1.885 1.358 0 P 0
L 1.879 1.376 1.885 1.382 0 P 0
L 1.879 1.7577008 1.885 1.7517008 0 P 0
L 1.879 1.7697008 1.885 1.7757008 0 P 0
L 1.885 1.35 1.895 1.36 0 P 0
L 1.885 1.358 1.891 1.364 0 P 0
L 1.885 1.382 1.891 1.376 0 P 0
L 1.885 1.39 1.895 1.38 0 P 0
L 1.885 1.7437008 1.895 1.7537008 0 P 0
L 1.885 1.7517008 1.891 1.7577008 0 P 0
L 1.885 1.7757008 1.891 1.7697008 0 P 0
L 1.885 1.7837008 1.895 1.7737008 0 P 0
L 1.891 1.364 1.897 1.364 0 P 0
L 1.891 1.37 1.897 1.364 0 P 0
L 1.891 1.37 1.897 1.376 0 P 0
L 1.891 1.376 1.897 1.376 0 P 0
L 1.891 1.7577008 1.897 1.7577008 0 P 0
L 1.891 1.7637008 1.897 1.7577008 0 P 0
L 1.891 1.7637008 1.897 1.7697008 0 P 0
L 1.891 1.7697008 1.897 1.7697008 0 P 0
L 1.895 1.36 1.905 1.36 0 P 0
L 1.895 1.37 1.905 1.36 0 P 0
L 1.895 1.37 1.905 1.38 0 P 0
L 1.895 1.38 1.905 1.38 0 P 0
L 1.895 1.7537008 1.905 1.7537008 0 P 0
L 1.895 1.7637008 1.905 1.7537008 0 P 0
L 1.895 1.7637008 1.905 1.7737008 0 P 0
L 1.895 1.7737008 1.905 1.7737008 0 P 0
L 2.005 2.0533306 2.0133306 2.045 0 P 0
L 2.005 2.0866532 2.005 2.0533306 0 P 0
L 2.005 2.6033306 2.0133306 2.595 0 P 0
L 2.005 2.6366532 2.005 2.6033306 0 P 0
L 2.0133306 2.045 2.0299919 2.045 0 P 0
L 2.0133306 2.0949838 2.005 2.0866532 0 P 0
L 2.0133306 2.595 2.0299919 2.595 0 P 0
L 2.0133306 2.6449838 2.005 2.6366532 0 P 0
L 2.025 3.8920473 2.045 3.8520473 0 P 0
L 2.025 3.8920473 2.065 3.8920473 0 P 0
L 2.025 3.9904725 2.045 3.9504725 0 P 0
L 2.025 3.9904725 2.065 3.9904725 0 P 0
L 2.025 4.0888977 2.045 4.0488977 0 P 0
L 2.025 4.0888977 2.065 4.0888977 0 P 0
L 2.025 4.1873229 2.045 4.1473229 0 P 0
L 2.025 4.1873229 2.065 4.1873229 0 P 0
L 2.025 4.2857481 2.045 4.2457481 0 P 0
L 2.025 4.2857481 2.065 4.2857481 0 P 0
L 2.025 4.3841732 2.045 4.3441732 0 P 0
L 2.025 4.3841732 2.065 4.3841732 0 P 0
L 2.025 4.4825984 2.045 4.4425984 0 P 0
L 2.025 4.4825984 2.065 4.4825984 0 P 0
L 2.025 4.5810236 2.045 4.5410236 0 P 0
L 2.025 4.5810236 2.065 4.5810236 0 P 0
L 2.025 4.6794488 2.045 4.6394488 0 P 0
L 2.025 4.6794488 2.065 4.6794488 0 P 0
L 2.025 4.777874 2.045 4.737874 0 P 0
L 2.025 4.777874 2.065 4.777874 0 P 0
L 2.025 4.8762992 2.045 4.8362992 0 P 0
L 2.025 4.8762992 2.065 4.8762992 0 P 0
L 2.025 4.9747244 2.045 4.9347244 0 P 0
L 2.025 4.9747244 2.065 4.9747244 0 P 0
L 2.025 5.0731496 2.045 5.0331496 0 P 0
L 2.025 5.0731496 2.065 5.0731496 0 P 0
L 2.025 5.1715748 2.045 5.1315748 0 P 0
L 2.025 5.1715748 2.065 5.1715748 0 P 0
L 2.025 5.27 2.045 5.23 0 P 0
L 2.025 5.27 2.065 5.27 0 P 0
L 2.025 5.3715748 2.045 5.3315748 0 P 0
L 2.025 5.3715748 2.065 5.3715748 0 P 0
L 2.025 5.47 2.045 5.43 0 P 0
L 2.025 5.47 2.065 5.47 0 P 0
L 2.025 5.5668504 2.045 5.5268504 0 P 0
L 2.025 5.5668504 2.065 5.5668504 0 P 0
L 2.025 5.6668504 2.045 5.6268504 0 P 0
L 2.025 5.6668504 2.065 5.6668504 0 P 0
L 2.0299919 2.045 2.0383226 2.0533306 0 P 0
L 2.0299919 2.0949838 2.0133306 2.0949838 0 P 0
L 2.0299919 2.595 2.0383226 2.6033306 0 P 0
L 2.0299919 2.6449838 2.0133306 2.6449838 0 P 0
L 2.033 3.8840473 2.045 3.8600473 0 P 0
L 2.033 3.8840473 2.057 3.8840473 0 P 0
L 2.033 3.9824725 2.045 3.9584725 0 P 0
L 2.033 3.9824725 2.057 3.9824725 0 P 0
L 2.033 4.0808977 2.045 4.0568977 0 P 0
L 2.033 4.0808977 2.057 4.0808977 0 P 0
L 2.033 4.1793229 2.045 4.1553229 0 P 0
L 2.033 4.1793229 2.057 4.1793229 0 P 0
L 2.033 4.2777481 2.045 4.2537481 0 P 0
L 2.033 4.2777481 2.057 4.2777481 0 P 0
L 2.033 4.3761732 2.045 4.3521732 0 P 0
L 2.033 4.3761732 2.057 4.3761732 0 P 0
L 2.033 4.4745984 2.045 4.4505984 0 P 0
L 2.033 4.4745984 2.057 4.4745984 0 P 0
L 2.033 4.5730236 2.045 4.5490236 0 P 0
L 2.033 4.5730236 2.057 4.5730236 0 P 0
L 2.033 4.6714488 2.045 4.6474488 0 P 0
L 2.033 4.6714488 2.057 4.6714488 0 P 0
L 2.033 4.769874 2.045 4.745874 0 P 0
L 2.033 4.769874 2.057 4.769874 0 P 0
L 2.033 4.8682992 2.045 4.8442992 0 P 0
L 2.033 4.8682992 2.057 4.8682992 0 P 0
L 2.033 4.9667244 2.045 4.9427244 0 P 0
L 2.033 4.9667244 2.057 4.9667244 0 P 0
L 2.033 5.0651496 2.045 5.0411496 0 P 0
L 2.033 5.0651496 2.057 5.0651496 0 P 0
L 2.033 5.1635748 2.045 5.1395748 0 P 0
L 2.033 5.1635748 2.057 5.1635748 0 P 0
L 2.033 5.262 2.045 5.238 0 P 0
L 2.033 5.262 2.057 5.262 0 P 0
L 2.033 5.3635748 2.045 5.3395748 0 P 0
L 2.033 5.3635748 2.057 5.3635748 0 P 0
L 2.033 5.462 2.045 5.438 0 P 0
L 2.033 5.462 2.057 5.462 0 P 0
L 2.033 5.5588504 2.045 5.5348504 0 P 0
L 2.033 5.5588504 2.057 5.5588504 0 P 0
L 2.033 5.6588504 2.045 5.6348504 0 P 0
L 2.033 5.6588504 2.057 5.6588504 0 P 0
L 2.0383226 2.0533306 2.0383226 2.0699919 0 P 0
L 2.0383226 2.0699919 2.0216613 2.0699919 0 P 0
L 2.0383226 2.0866532 2.0299919 2.0949838 0 P 0
L 2.0383226 2.6033306 2.0383226 2.6199919 0 P 0
L 2.0383226 2.6199919 2.0216613 2.6199919 0 P 0
L 2.0383226 2.6366532 2.0299919 2.6449838 0 P 0
L 2.045 3.8520473 2.065 3.8920473 0 P 0
L 2.045 3.8600473 2.057 3.8840473 0 P 0
L 2.045 3.9504725 2.065 3.9904725 0 P 0
L 2.045 3.9584725 2.057 3.9824725 0 P 0
L 2.045 4.0488977 2.065 4.0888977 0 P 0
L 2.045 4.0568977 2.057 4.0808977 0 P 0
L 2.045 4.1473229 2.065 4.1873229 0 P 0
L 2.045 4.1553229 2.057 4.1793229 0 P 0
L 2.045 4.2457481 2.065 4.2857481 0 P 0
L 2.045 4.2537481 2.057 4.2777481 0 P 0
L 2.045 4.3441732 2.065 4.3841732 0 P 0
L 2.045 4.3521732 2.057 4.3761732 0 P 0
L 2.045 4.4425984 2.065 4.4825984 0 P 0
L 2.045 4.4505984 2.057 4.4745984 0 P 0
L 2.045 4.5410236 2.065 4.5810236 0 P 0
L 2.045 4.5490236 2.057 4.5730236 0 P 0
L 2.045 4.6394488 2.065 4.6794488 0 P 0
L 2.045 4.6474488 2.057 4.6714488 0 P 0
L 2.045 4.737874 2.065 4.777874 0 P 0
L 2.045 4.745874 2.057 4.769874 0 P 0
L 2.045 4.8362992 2.065 4.8762992 0 P 0
L 2.045 4.8442992 2.057 4.8682992 0 P 0
L 2.045 4.9347244 2.065 4.9747244 0 P 0
L 2.045 4.9427244 2.057 4.9667244 0 P 0
L 2.045 5.0331496 2.065 5.0731496 0 P 0
L 2.045 5.0411496 2.057 5.0651496 0 P 0
L 2.045 5.1315748 2.065 5.1715748 0 P 0
L 2.045 5.1395748 2.057 5.1635748 0 P 0
L 2.045 5.23 2.065 5.27 0 P 0
L 2.045 5.238 2.057 5.262 0 P 0
L 2.045 5.3315748 2.065 5.3715748 0 P 0
L 2.045 5.3395748 2.057 5.3635748 0 P 0
L 2.045 5.43 2.065 5.47 0 P 0
L 2.045 5.438 2.057 5.462 0 P 0
L 2.045 5.5268504 2.065 5.5668504 0 P 0
L 2.045 5.5348504 2.057 5.5588504 0 P 0
L 2.045 5.6268504 2.065 5.6668504 0 P 0
L 2.045 5.6348504 2.057 5.6588504 0 P 0
L 2.16 3.87 2.18 3.85 0 P 0
L 2.16 3.87 2.18 3.89 0 P 0
L 2.18 3.85 2.2 3.87 0 P 0
L 2.18 3.89 2.2 3.87 0 P 0
L 2.205 4.075 2.205 4.115 0 P 0
L 2.205 4.075 2.245 4.075 0 P 0
L 2.205 4.115 2.245 4.115 0 P 0
L 2.205 4.282874 2.205 4.322874 0 P 0
L 2.205 4.282874 2.245 4.282874 0 P 0
L 2.205 4.322874 2.245 4.322874 0 P 0
L 2.213 4.083 2.213 4.107 0 P 0
L 2.213 4.083 2.237 4.083 0 P 0
L 2.213 4.107 2.237 4.107 0 P 0
L 2.213 4.290874 2.213 4.314874 0 P 0
L 2.213 4.290874 2.237 4.290874 0 P 0
L 2.213 4.314874 2.237 4.314874 0 P 0
L 2.237 4.083 2.237 4.107 0 P 0
L 2.237 4.290874 2.237 4.314874 0 P 0
L 2.245 4.075 2.245 4.115 0 P 0
L 2.245 4.282874 2.245 4.322874 0 P 0
L 2.26 3.87 2.28 3.85 0 P 0
L 2.26 3.87 2.28 3.89 0 P 0
L 2.28 1.925 2.28 1.965 0 P 0
L 2.28 1.925 2.32 1.925 0 P 0
L 2.28 1.965 2.32 1.965 0 P 0
L 2.28 2.325 2.28 2.365 0 P 0
L 2.28 2.325 2.32 2.325 0 P 0
L 2.28 2.365 2.32 2.365 0 P 0
L 2.28 3.85 2.3 3.87 0 P 0
L 2.28 3.89 2.3 3.87 0 P 0
L 2.315 1.645 2.325 1.645 0 P 0
L 2.315 1.645 2.325 1.655 0 P 0
L 2.315 1.665 2.325 1.655 0 P 0
L 2.315 1.665 2.325 1.665 0 P 0
L 2.32 1.925 2.32 1.965 0 P 0
L 2.32 2.325 2.32 2.365 0 P 0
L 2.325 1.645 2.335 1.635 0 P 0
L 2.325 1.665 2.335 1.675 0 P 0
L 2.33 1.165 2.33 1.1899919 0 P 0
L 2.33 1.1899919 2.3633226 1.1899919 0 P 0
L 2.33 1.2149838 2.33 1.165 0 P 0
L 2.335 1.635 2.345 1.645 0 P 0
L 2.335 1.675 2.345 1.665 0 P 0
L 2.345 1.645 2.355 1.645 0 P 0
L 2.345 1.655 2.355 1.645 0 P 0
L 2.345 1.655 2.355 1.665 0 P 0
L 2.345 1.665 2.355 1.665 0 P 0
L 2.36 3.87 2.38 3.85 0 P 0
L 2.36 3.87 2.38 3.89 0 P 0
L 2.3633226 1.1899919 2.3633226 1.2149838 0 P 0
L 2.3633226 1.2149838 2.3633226 1.165 0 P 0
L 2.38 3.85 2.4 3.87 0 P 0
L 2.38 3.89 2.4 3.87 0 P 0
L 2.415 1.645 2.425 1.645 0 P 0
L 2.415 1.645 2.425 1.655 0 P 0
L 2.415 1.665 2.425 1.655 0 P 0
L 2.415 1.665 2.425 1.665 0 P 0
L 2.425 1.645 2.435 1.635 0 P 0
L 2.425 1.665 2.435 1.675 0 P 0
L 2.435 1.635 2.445 1.645 0 P 0
L 2.435 1.675 2.445 1.665 0 P 0
L 2.445 1.645 2.455 1.645 0 P 0
L 2.445 1.655 2.455 1.645 0 P 0
L 2.445 1.655 2.455 1.665 0 P 0
L 2.445 1.665 2.455 1.665 0 P 0
L 2.46 3.87 2.48 3.85 0 P 0
L 2.46 3.87 2.48 3.89 0 P 0
L 2.48 3.85 2.5 3.87 0 P 0
L 2.48 3.89 2.5 3.87 0 P 0
L 2.515 1.645 2.525 1.645 0 P 0
L 2.515 1.645 2.525 1.655 0 P 0
L 2.515 1.665 2.525 1.655 0 P 0
L 2.515 1.665 2.525 1.665 0 P 0
L 2.525 1.645 2.535 1.635 0 P 0
L 2.525 1.665 2.535 1.675 0 P 0
L 2.53 1.165 2.53 1.1899919 0 P 0
L 2.53 1.1899919 2.5633226 1.1899919 0 P 0
L 2.53 1.2149838 2.53 1.165 0 P 0
L 2.535 1.635 2.545 1.645 0 P 0
L 2.535 1.675 2.545 1.665 0 P 0
L 2.5449936 1.9250128 2.5449936 1.9650128 0 P 0
L 2.5449936 1.9250128 2.5849936 1.9250128 0 P 0
L 2.5449936 1.9650128 2.5849936 1.9650128 0 P 0
L 2.5449936 2.3250128 2.5449936 2.3650128 0 P 0
L 2.5449936 2.3250128 2.5849936 2.3250128 0 P 0
L 2.5449936 2.3650128 2.5849936 2.3650128 0 P 0
L 2.545 1.645 2.555 1.645 0 P 0
L 2.545 1.655 2.555 1.645 0 P 0
L 2.545 1.655 2.555 1.665 0 P 0
L 2.545 1.665 2.555 1.665 0 P 0
L 2.545 2.7999919 2.545 2.775 0 P 0
L 2.545 2.7999919 2.5616613 2.7999919 0 P 0
L 2.545 2.8249838 2.545 2.7999919 0 P 0
L 2.545 2.8999919 2.545 2.875 0 P 0
L 2.545 2.8999919 2.5616613 2.8999919 0 P 0
L 2.545 2.9249838 2.545 2.8999919 0 P 0
L 2.545 3.2749919 2.545 3.25 0 P 0
L 2.545 3.2749919 2.5616613 3.2749919 0 P 0
L 2.545 3.2999838 2.545 3.2749919 0 P 0
L 2.545 3.3749919 2.545 3.35 0 P 0
L 2.545 3.3749919 2.5616613 3.3749919 0 P 0
L 2.545 3.3999838 2.545 3.3749919 0 P 0
L 2.56 3.87 2.58 3.85 0 P 0
L 2.56 3.87 2.58 3.89 0 P 0
L 2.5616613 2.7999919 2.545 2.7999919 0 P 0
L 2.5616613 2.8999919 2.545 2.8999919 0 P 0
L 2.5616613 3.2749919 2.545 3.2749919 0 P 0
L 2.5616613 3.3749919 2.545 3.3749919 0 P 0
L 2.5633226 1.1899919 2.5633226 1.2149838 0 P 0
L 2.5633226 1.2149838 2.5633226 1.165 0 P 0
L 2.5783226 2.8249838 2.545 2.8249838 0 P 0
L 2.5783226 2.9249838 2.545 2.9249838 0 P 0
L 2.5783226 3.2999838 2.545 3.2999838 0 P 0
L 2.5783226 3.3999838 2.545 3.3999838 0 P 0
L 2.58 3.85 2.6 3.87 0 P 0
L 2.58 3.89 2.6 3.87 0 P 0
L 2.5849936 1.9250128 2.5849936 1.9650128 0 P 0
L 2.5849936 2.3250128 2.5849936 2.3650128 0 P 0
L 2.66 3.87 2.68 3.85 0 P 0
L 2.66 3.87 2.68 3.89 0 P 0
L 2.68 3.85 2.7 3.87 0 P 0
L 2.68 3.89 2.7 3.87 0 P 0
L 2.7549968 1.9250064 2.7549968 1.9650064 0 P 0
L 2.7549968 1.9250064 2.7949968 1.9250064 0 P 0
L 2.7549968 1.9650064 2.7949968 1.9650064 0 P 0
L 2.7549968 2.3250064 2.7549968 2.3650064 0 P 0
L 2.7549968 2.3250064 2.7949968 2.3250064 0 P 0
L 2.7549968 2.3650064 2.7949968 2.3650064 0 P 0
L 2.765 2.78 2.785 2.76 0 P 0
L 2.765 2.78 2.785 2.8 0 P 0
L 2.765 2.88 2.785 2.86 0 P 0
L 2.765 2.88 2.785 2.9 0 P 0
L 2.765 2.98 2.785 2.96 0 P 0
L 2.765 2.98 2.785 3 0 P 0
L 2.765 3.08 2.785 3.06 0 P 0
L 2.765 3.08 2.785 3.1 0 P 0
L 2.785 1.645 2.795 1.645 0 P 0
L 2.785 1.645 2.795 1.655 0 P 0
L 2.785 1.665 2.795 1.655 0 P 0
L 2.785 1.665 2.795 1.665 0 P 0
L 2.785 2.76 2.805 2.78 0 P 0
L 2.785 2.8 2.805 2.78 0 P 0
L 2.785 2.86 2.805 2.88 0 P 0
L 2.785 2.9 2.805 2.88 0 P 0
L 2.785 2.96 2.805 2.98 0 P 0
L 2.785 3 2.805 2.98 0 P 0
L 2.785 3.06 2.805 3.08 0 P 0
L 2.785 3.1 2.805 3.08 0 P 0
L 2.7949968 1.9250064 2.7949968 1.9650064 0 P 0
L 2.7949968 2.3250064 2.7949968 2.3650064 0 P 0
L 2.795 1.645 2.805 1.635 0 P 0
L 2.795 1.665 2.805 1.675 0 P 0
L 2.805 1.165 2.805 1.1899919 0 P 0
L 2.805 1.1899919 2.8383226 1.1899919 0 P 0
L 2.805 1.2149838 2.805 1.165 0 P 0
L 2.805 1.635 2.815 1.645 0 P 0
L 2.805 1.675 2.815 1.665 0 P 0
L 2.815 1.645 2.825 1.645 0 P 0
L 2.815 1.655 2.825 1.645 0 P 0
L 2.815 1.655 2.825 1.665 0 P 0
L 2.815 1.665 2.825 1.665 0 P 0
L 2.8383226 1.1899919 2.8383226 1.2149838 0 P 0
L 2.8383226 1.2149838 2.8383226 1.165 0 P 0
L 2.84 3.5062598 2.84 3.5462598 0 P 0
L 2.84 3.5062598 2.88 3.5062598 0 P 0
L 2.84 3.5462598 2.88 3.5462598 0 P 0
L 2.84 3.6062598 2.84 3.6462598 0 P 0
L 2.84 3.6062598 2.88 3.6062598 0 P 0
L 2.84 3.6462598 2.88 3.6462598 0 P 0
L 2.84 3.7062598 2.84 3.7462598 0 P 0
L 2.84 3.7062598 2.88 3.7062598 0 P 0
L 2.84 3.7462598 2.88 3.7462598 0 P 0
L 2.84 3.8062598 2.84 3.8462598 0 P 0
L 2.84 3.8062598 2.88 3.8062598 0 P 0
L 2.84 3.8462598 2.88 3.8462598 0 P 0
L 2.84 4.035 2.85 4.035 0 P 0
L 2.84 4.035 2.85 4.045 0 P 0
L 2.84 4.055 2.85 4.045 0 P 0
L 2.84 4.055 2.85 4.055 0 P 0
L 2.84 4.135 2.85 4.135 0 P 0
L 2.84 4.135 2.85 4.145 0 P 0
L 2.84 4.155 2.85 4.145 0 P 0
L 2.84 4.155 2.85 4.155 0 P 0
L 2.84 4.235 2.85 4.235 0 P 0
L 2.84 4.235 2.85 4.245 0 P 0
L 2.84 4.255 2.85 4.245 0 P 0
L 2.84 4.255 2.85 4.255 0 P 0
L 2.84 4.465 2.86 4.445 0 P 0
L 2.84 4.465 2.86 4.485 0 P 0
L 2.84 4.565 2.86 4.545 0 P 0
L 2.84 4.565 2.86 4.585 0 P 0
L 2.848 3.5142598 2.848 3.5382598 0 P 0
L 2.848 3.5142598 2.872 3.5142598 0 P 0
L 2.848 3.5382598 2.872 3.5382598 0 P 0
L 2.848 3.6142598 2.848 3.6382598 0 P 0
L 2.848 3.6142598 2.872 3.6142598 0 P 0
L 2.848 3.6382598 2.872 3.6382598 0 P 0
L 2.848 3.7142598 2.848 3.7382598 0 P 0
L 2.848 3.7142598 2.872 3.7142598 0 P 0
L 2.848 3.7382598 2.872 3.7382598 0 P 0
L 2.848 3.8142598 2.848 3.8382598 0 P 0
L 2.848 3.8142598 2.872 3.8142598 0 P 0
L 2.848 3.8382598 2.872 3.8382598 0 P 0
L 2.85 4.035 2.86 4.025 0 P 0
L 2.85 4.055 2.86 4.065 0 P 0
L 2.85 4.135 2.86 4.125 0 P 0
L 2.85 4.155 2.86 4.165 0 P 0
L 2.85 4.235 2.86 4.225 0 P 0
L 2.85 4.255 2.86 4.265 0 P 0
L 2.86 4.025 2.87 4.035 0 P 0
L 2.86 4.065 2.87 4.055 0 P 0
L 2.86 4.125 2.87 4.135 0 P 0
L 2.86 4.165 2.87 4.155 0 P 0
L 2.86 4.225 2.87 4.235 0 P 0
L 2.86 4.265 2.87 4.255 0 P 0
L 2.86 4.445 2.88 4.465 0 P 0
L 2.86 4.485 2.88 4.465 0 P 0
L 2.86 4.545 2.88 4.565 0 P 0
L 2.86 4.585 2.88 4.565 0 P 0
L 2.87 4.035 2.88 4.035 0 P 0
L 2.87 4.045 2.88 4.035 0 P 0
L 2.87 4.045 2.88 4.055 0 P 0
L 2.87 4.055 2.88 4.055 0 P 0
L 2.87 4.135 2.88 4.135 0 P 0
L 2.87 4.145 2.88 4.135 0 P 0
L 2.87 4.145 2.88 4.155 0 P 0
L 2.87 4.155 2.88 4.155 0 P 0
L 2.87 4.235 2.88 4.235 0 P 0
L 2.87 4.245 2.88 4.235 0 P 0
L 2.87 4.245 2.88 4.255 0 P 0
L 2.87 4.255 2.88 4.255 0 P 0
L 2.872 3.5142598 2.872 3.5382598 0 P 0
L 2.872 3.6142598 2.872 3.6382598 0 P 0
L 2.872 3.7142598 2.872 3.7382598 0 P 0
L 2.872 3.8142598 2.872 3.8382598 0 P 0
L 2.88 3.5062598 2.88 3.5462598 0 P 0
L 2.88 3.6062598 2.88 3.6462598 0 P 0
L 2.88 3.7062598 2.88 3.7462598 0 P 0
L 2.88 3.8062598 2.88 3.8462598 0 P 0
L 2.885 1.645 2.895 1.645 0 P 0
L 2.885 1.645 2.895 1.655 0 P 0
L 2.885 1.665 2.895 1.655 0 P 0
L 2.885 1.665 2.895 1.665 0 P 0
L 2.895 1.645 2.905 1.635 0 P 0
L 2.895 1.665 2.905 1.675 0 P 0
L 2.895 2.78 2.915 2.76 0 P 0
L 2.895 2.78 2.915 2.8 0 P 0
L 2.895 2.88 2.915 2.86 0 P 0
L 2.895 2.88 2.915 2.9 0 P 0
L 2.895 2.98 2.915 2.96 0 P 0
L 2.895 2.98 2.915 3 0 P 0
L 2.895 3.08 2.915 3.06 0 P 0
L 2.895 3.08 2.915 3.1 0 P 0
L 2.905 1.635 2.915 1.645 0 P 0
L 2.905 1.675 2.915 1.665 0 P 0
L 2.915 1.645 2.925 1.645 0 P 0
L 2.915 1.655 2.925 1.645 0 P 0
L 2.915 1.655 2.925 1.665 0 P 0
L 2.915 1.665 2.925 1.665 0 P 0
L 2.915 2.76 2.935 2.78 0 P 0
L 2.915 2.8 2.935 2.78 0 P 0
L 2.915 2.86 2.935 2.88 0 P 0
L 2.915 2.9 2.935 2.88 0 P 0
L 2.915 2.96 2.935 2.98 0 P 0
L 2.915 3 2.935 2.98 0 P 0
L 2.915 3.06 2.935 3.08 0 P 0
L 2.915 3.1 2.935 3.08 0 P 0
L 2.94 4.035 2.95 4.035 0 P 0
L 2.94 4.035 2.95 4.045 0 P 0
L 2.94 4.055 2.95 4.045 0 P 0
L 2.94 4.055 2.95 4.055 0 P 0
L 2.94 4.135 2.95 4.135 0 P 0
L 2.94 4.135 2.95 4.145 0 P 0
L 2.94 4.155 2.95 4.145 0 P 0
L 2.94 4.155 2.95 4.155 0 P 0
L 2.94 4.235 2.95 4.235 0 P 0
L 2.94 4.235 2.95 4.245 0 P 0
L 2.94 4.255 2.95 4.245 0 P 0
L 2.94 4.255 2.95 4.255 0 P 0
L 2.94 4.465 2.96 4.445 0 P 0
L 2.94 4.465 2.96 4.485 0 P 0
L 2.94 4.565 2.96 4.545 0 P 0
L 2.94 4.565 2.96 4.585 0 P 0
L 2.95 4.035 2.96 4.025 0 P 0
L 2.95 4.055 2.96 4.065 0 P 0
L 2.95 4.135 2.96 4.125 0 P 0
L 2.95 4.155 2.96 4.165 0 P 0
L 2.95 4.235 2.96 4.225 0 P 0
L 2.95 4.255 2.96 4.265 0 P 0
L 2.96 4.025 2.97 4.035 0 P 0
L 2.96 4.065 2.97 4.055 0 P 0
L 2.96 4.125 2.97 4.135 0 P 0
L 2.96 4.165 2.97 4.155 0 P 0
L 2.96 4.225 2.97 4.235 0 P 0
L 2.96 4.265 2.97 4.255 0 P 0
L 2.96 4.445 2.98 4.465 0 P 0
L 2.96 4.485 2.98 4.465 0 P 0
L 2.96 4.545 2.98 4.565 0 P 0
L 2.96 4.585 2.98 4.565 0 P 0
L 2.97 4.035 2.98 4.035 0 P 0
L 2.97 4.045 2.98 4.035 0 P 0
L 2.97 4.045 2.98 4.055 0 P 0
L 2.97 4.055 2.98 4.055 0 P 0
L 2.97 4.135 2.98 4.135 0 P 0
L 2.97 4.145 2.98 4.135 0 P 0
L 2.97 4.145 2.98 4.155 0 P 0
L 2.97 4.155 2.98 4.155 0 P 0
L 2.97 4.235 2.98 4.235 0 P 0
L 2.97 4.245 2.98 4.235 0 P 0
L 2.97 4.245 2.98 4.255 0 P 0
L 2.97 4.255 2.98 4.255 0 P 0
L 2.985 1.645 2.995 1.645 0 P 0
L 2.985 1.645 2.995 1.655 0 P 0
L 2.985 1.665 2.995 1.655 0 P 0
L 2.985 1.665 2.995 1.665 0 P 0
L 2.995 1.645 3.005 1.635 0 P 0
L 2.995 1.665 3.005 1.675 0 P 0
L 3.005 1.165 3.005 1.1899919 0 P 0
L 3.005 1.1899919 3.0383226 1.1899919 0 P 0
L 3.005 1.2149838 3.005 1.165 0 P 0
L 3.005 1.635 3.015 1.645 0 P 0
L 3.005 1.675 3.015 1.665 0 P 0
L 3.015 1.645 3.025 1.645 0 P 0
L 3.015 1.655 3.025 1.645 0 P 0
L 3.015 1.655 3.025 1.665 0 P 0
L 3.015 1.665 3.025 1.665 0 P 0
L 3.0249936 1.9250128 3.0249936 1.9650128 0 P 0
L 3.0249936 1.9250128 3.0649936 1.9250128 0 P 0
L 3.0249936 1.9650128 3.0649936 1.9650128 0 P 0
L 3.0249936 2.3250128 3.0249936 2.3650128 0 P 0
L 3.0249936 2.3250128 3.0649936 2.3250128 0 P 0
L 3.0249936 2.3650128 3.0649936 2.3650128 0 P 0
L 3.025 2.78 3.045 2.76 0 P 0
L 3.025 2.78 3.045 2.8 0 P 0
L 3.025 2.88 3.045 2.86 0 P 0
L 3.025 2.88 3.045 2.9 0 P 0
L 3.025 2.98 3.045 2.96 0 P 0
L 3.025 2.98 3.045 3 0 P 0
L 3.025 3.08 3.045 3.06 0 P 0
L 3.025 3.08 3.045 3.1 0 P 0
L 3.0370472 5.385 3.0570472 5.345 0 P 0
L 3.0370472 5.385 3.0770472 5.385 0 P 0
L 3.0383226 1.1899919 3.0383226 1.2149838 0 P 0
L 3.0383226 1.2149838 3.0383226 1.165 0 P 0
L 3.045 2.76 3.065 2.78 0 P 0
L 3.045 2.8 3.065 2.78 0 P 0
L 3.045 2.86 3.065 2.88 0 P 0
L 3.045 2.9 3.065 2.88 0 P 0
L 3.045 2.96 3.065 2.98 0 P 0
L 3.045 3 3.065 2.98 0 P 0
L 3.045 3.06 3.065 3.08 0 P 0
L 3.045 3.1 3.065 3.08 0 P 0
L 3.0570472 5.345 3.0770472 5.385 0 P 0
L 3.0649936 1.9250128 3.0649936 1.9650128 0 P 0
L 3.0649936 2.3250128 3.0649936 2.3650128 0 P 0
L 3.14 3.5062598 3.14 3.5462598 0 P 0
L 3.14 3.5062598 3.18 3.5062598 0 P 0
L 3.14 3.5462598 3.18 3.5462598 0 P 0
L 3.14 3.6062598 3.14 3.6462598 0 P 0
L 3.14 3.6062598 3.18 3.6062598 0 P 0
L 3.14 3.6462598 3.18 3.6462598 0 P 0
L 3.14 3.7062598 3.14 3.7462598 0 P 0
L 3.14 3.7062598 3.18 3.7062598 0 P 0
L 3.14 3.7462598 3.18 3.7462598 0 P 0
L 3.14 3.8062598 3.14 3.8462598 0 P 0
L 3.14 3.8062598 3.18 3.8062598 0 P 0
L 3.14 3.8462598 3.18 3.8462598 0 P 0
L 3.148 3.5142598 3.148 3.5382598 0 P 0
L 3.148 3.5142598 3.172 3.5142598 0 P 0
L 3.148 3.5382598 3.172 3.5382598 0 P 0
L 3.148 3.6142598 3.148 3.6382598 0 P 0
L 3.148 3.6142598 3.172 3.6142598 0 P 0
L 3.148 3.6382598 3.172 3.6382598 0 P 0
L 3.148 3.7142598 3.148 3.7382598 0 P 0
L 3.148 3.7142598 3.172 3.7142598 0 P 0
L 3.148 3.7382598 3.172 3.7382598 0 P 0
L 3.148 3.8142598 3.148 3.8382598 0 P 0
L 3.148 3.8142598 3.172 3.8142598 0 P 0
L 3.148 3.8382598 3.172 3.8382598 0 P 0
L 3.155 2.78 3.175 2.76 0 P 0
L 3.155 2.78 3.175 2.8 0 P 0
L 3.155 2.88 3.175 2.86 0 P 0
L 3.155 2.88 3.175 2.9 0 P 0
L 3.155 2.98 3.175 2.96 0 P 0
L 3.155 2.98 3.175 3 0 P 0
L 3.155 3.08 3.175 3.06 0 P 0
L 3.155 3.08 3.175 3.1 0 P 0
L 3.172 3.5142598 3.172 3.5382598 0 P 0
L 3.172 3.6142598 3.172 3.6382598 0 P 0
L 3.172 3.7142598 3.172 3.7382598 0 P 0
L 3.172 3.8142598 3.172 3.8382598 0 P 0
L 3.175 2.76 3.195 2.78 0 P 0
L 3.175 2.8 3.195 2.78 0 P 0
L 3.175 2.86 3.195 2.88 0 P 0
L 3.175 2.9 3.195 2.88 0 P 0
L 3.175 2.96 3.195 2.98 0 P 0
L 3.175 3 3.195 2.98 0 P 0
L 3.175 3.06 3.195 3.08 0 P 0
L 3.175 3.1 3.195 3.08 0 P 0
L 3.18 3.5062598 3.18 3.5462598 0 P 0
L 3.18 3.6062598 3.18 3.6462598 0 P 0
L 3.18 3.7062598 3.18 3.7462598 0 P 0
L 3.18 3.8062598 3.18 3.8462598 0 P 0
L 3.2299968 1.9250064 3.2299968 1.9650064 0 P 0
L 3.2299968 1.9250064 3.2699968 1.9250064 0 P 0
L 3.2299968 1.9650064 3.2699968 1.9650064 0 P 0
L 3.2299968 2.3250064 3.2299968 2.3650064 0 P 0
L 3.2299968 2.3250064 3.2699968 2.3250064 0 P 0
L 3.2299968 2.3650064 3.2699968 2.3650064 0 P 0
L 3.255 1.645 3.265 1.645 0 P 0
L 3.255 1.645 3.265 1.655 0 P 0
L 3.255 1.665 3.265 1.655 0 P 0
L 3.255 1.665 3.265 1.665 0 P 0
L 3.265 1.645 3.275 1.635 0 P 0
L 3.265 1.665 3.275 1.675 0 P 0
L 3.2699968 1.9250064 3.2699968 1.9650064 0 P 0
L 3.2699968 2.3250064 3.2699968 2.3650064 0 P 0
L 3.275 1.165 3.275 1.1899919 0 P 0
L 3.275 1.1899919 3.3083226 1.1899919 0 P 0
L 3.275 1.2149838 3.275 1.165 0 P 0
L 3.275 1.635 3.285 1.645 0 P 0
L 3.275 1.675 3.285 1.665 0 P 0
L 3.285 1.645 3.295 1.645 0 P 0
L 3.285 1.655 3.295 1.645 0 P 0
L 3.285 1.655 3.295 1.665 0 P 0
L 3.285 1.665 3.295 1.665 0 P 0
L 3.285 2.78 3.305 2.76 0 P 0
L 3.285 2.78 3.305 2.8 0 P 0
L 3.285 2.88 3.305 2.86 0 P 0
L 3.285 2.88 3.305 2.9 0 P 0
L 3.285 2.98 3.305 2.96 0 P 0
L 3.285 2.98 3.305 3 0 P 0
L 3.285 3.08 3.305 3.06 0 P 0
L 3.285 3.08 3.305 3.1 0 P 0
L 3.293 5.385 3.313 5.345 0 P 0
L 3.293 5.385 3.333 5.385 0 P 0
L 3.305 2.76 3.325 2.78 0 P 0
L 3.305 2.8 3.325 2.78 0 P 0
L 3.305 2.86 3.325 2.88 0 P 0
L 3.305 2.9 3.325 2.88 0 P 0
L 3.305 2.96 3.325 2.98 0 P 0
L 3.305 3 3.325 2.98 0 P 0
L 3.305 3.06 3.325 3.08 0 P 0
L 3.305 3.1 3.325 3.08 0 P 0
L 3.3083226 1.1899919 3.3083226 1.2149838 0 P 0
L 3.3083226 1.2149838 3.3083226 1.165 0 P 0
L 3.313 5.345 3.333 5.385 0 P 0
L 3.34 3.56 3.36 3.54 0 P 0
L 3.34 3.56 3.36 3.58 0 P 0
L 3.34 3.66 3.36 3.64 0 P 0
L 3.34 3.66 3.36 3.68 0 P 0
L 3.34 3.76 3.36 3.74 0 P 0
L 3.34 3.76 3.36 3.78 0 P 0
L 3.34 3.86 3.36 3.84 0 P 0
L 3.34 3.86 3.36 3.88 0 P 0
L 3.34 3.96 3.36 3.94 0 P 0
L 3.34 3.96 3.36 3.98 0 P 0
L 3.34 4.06 3.36 4.04 0 P 0
L 3.34 4.06 3.36 4.08 0 P 0
L 3.355 1.645 3.365 1.645 0 P 0
L 3.355 1.645 3.365 1.655 0 P 0
L 3.355 1.665 3.365 1.655 0 P 0
L 3.355 1.665 3.365 1.665 0 P 0
L 3.36 3.54 3.38 3.56 0 P 0
L 3.36 3.58 3.38 3.56 0 P 0
L 3.36 3.64 3.38 3.66 0 P 0
L 3.36 3.68 3.38 3.66 0 P 0
L 3.36 3.74 3.38 3.76 0 P 0
L 3.36 3.78 3.38 3.76 0 P 0
L 3.36 3.84 3.38 3.86 0 P 0
L 3.36 3.88 3.38 3.86 0 P 0
L 3.36 3.94 3.38 3.96 0 P 0
L 3.36 3.98 3.38 3.96 0 P 0
L 3.36 4.04 3.38 4.06 0 P 0
L 3.36 4.08 3.38 4.06 0 P 0
L 3.365 1.645 3.375 1.635 0 P 0
L 3.365 1.665 3.375 1.675 0 P 0
L 3.375 1.635 3.385 1.645 0 P 0
L 3.375 1.675 3.385 1.665 0 P 0
L 3.385 1.645 3.395 1.645 0 P 0
L 3.385 1.655 3.395 1.645 0 P 0
L 3.385 1.655 3.395 1.665 0 P 0
L 3.385 1.665 3.395 1.665 0 P 0
L 3.415 2.78 3.435 2.76 0 P 0
L 3.415 2.78 3.435 2.8 0 P 0
L 3.415 2.88 3.435 2.86 0 P 0
L 3.415 2.88 3.435 2.9 0 P 0
L 3.415 2.98 3.435 2.96 0 P 0
L 3.415 2.98 3.435 3 0 P 0
L 3.415 3.08 3.435 3.06 0 P 0
L 3.415 3.08 3.435 3.1 0 P 0
L 3.435 2.76 3.455 2.78 0 P 0
L 3.435 2.8 3.455 2.78 0 P 0
L 3.435 2.86 3.455 2.88 0 P 0
L 3.435 2.9 3.455 2.88 0 P 0
L 3.435 2.96 3.455 2.98 0 P 0
L 3.435 3 3.455 2.98 0 P 0
L 3.435 3.06 3.455 3.08 0 P 0
L 3.435 3.1 3.455 3.08 0 P 0
L 3.455 1.645 3.465 1.645 0 P 0
L 3.455 1.645 3.465 1.655 0 P 0
L 3.455 1.665 3.465 1.655 0 P 0
L 3.455 1.665 3.465 1.665 0 P 0
L 3.465 1.645 3.475 1.635 0 P 0
L 3.465 1.665 3.475 1.675 0 P 0
L 3.475 1.165 3.475 1.1899919 0 P 0
L 3.475 1.1899919 3.5083226 1.1899919 0 P 0
L 3.475 1.2149838 3.475 1.165 0 P 0
L 3.475 1.635 3.485 1.645 0 P 0
L 3.475 1.675 3.485 1.665 0 P 0
L 3.485 1.645 3.495 1.645 0 P 0
L 3.485 1.655 3.495 1.645 0 P 0
L 3.485 1.655 3.495 1.665 0 P 0
L 3.485 1.665 3.495 1.665 0 P 0
L 3.4999936 1.9250128 3.4999936 1.9650128 0 P 0
L 3.4999936 1.9250128 3.5399936 1.9250128 0 P 0
L 3.4999936 1.9650128 3.5399936 1.9650128 0 P 0
L 3.4999936 2.3250128 3.4999936 2.3650128 0 P 0
L 3.4999936 2.3250128 3.5399936 2.3250128 0 P 0
L 3.4999936 2.3650128 3.5399936 2.3650128 0 P 0
L 3.5083226 1.1899919 3.5083226 1.2149838 0 P 0
L 3.5083226 1.2149838 3.5083226 1.165 0 P 0
L 3.5399936 1.9250128 3.5399936 1.9650128 0 P 0
L 3.5399936 2.3250128 3.5399936 2.3650128 0 P 0
L 3.62 4.885 3.63 4.905 0 P 0
L 3.62 4.885 3.64 4.895 0 P 0
L 3.62 4.925 3.63 4.905 0 P 0
L 3.62 4.925 3.64 4.915 0 P 0
L 3.62 5.125 3.64 5.105 0 P 0
L 3.62 5.125 3.64 5.145 0 P 0
L 3.62 5.345 3.64 5.325 0 P 0
L 3.62 5.345 3.64 5.365 0 P 0
L 3.62 5.56 3.64 5.54 0 P 0
L 3.62 5.56 3.64 5.58 0 P 0
L 3.628 4.893 3.634 4.905 0 P 0
L 3.628 4.893 3.64 4.899 0 P 0
L 3.628 4.917 3.634 4.905 0 P 0
L 3.628 4.917 3.64 4.911 0 P 0
L 3.64 4.895 3.66 4.885 0 P 0
L 3.64 4.899 3.652 4.893 0 P 0
L 3.64 4.911 3.652 4.917 0 P 0
L 3.64 4.915 3.66 4.925 0 P 0
L 3.64 5.105 3.66 5.125 0 P 0
L 3.64 5.145 3.66 5.125 0 P 0
L 3.64 5.325 3.66 5.345 0 P 0
L 3.64 5.365 3.66 5.345 0 P 0
L 3.64 5.54 3.66 5.56 0 P 0
L 3.64 5.58 3.66 5.56 0 P 0
L 3.646 4.905 3.652 4.893 0 P 0
L 3.646 4.905 3.652 4.917 0 P 0
L 3.65 4.905 3.66 4.885 0 P 0
L 3.65 4.905 3.66 4.925 0 P 0
L 3.6999968 1.9250064 3.6999968 1.9650064 0 P 0
L 3.6999968 1.9250064 3.7399968 1.9250064 0 P 0
L 3.6999968 1.9650064 3.7399968 1.9650064 0 P 0
L 3.6999968 2.3250064 3.6999968 2.3650064 0 P 0
L 3.6999968 2.3250064 3.7399968 2.3250064 0 P 0
L 3.6999968 2.3650064 3.7399968 2.3650064 0 P 0
L 3.72 4.885 3.73 4.905 0 P 0
L 3.72 4.885 3.74 4.895 0 P 0
L 3.72 4.925 3.73 4.905 0 P 0
L 3.72 4.925 3.74 4.915 0 P 0
L 3.72 5.125 3.74 5.105 0 P 0
L 3.72 5.125 3.74 5.145 0 P 0
L 3.72 5.345 3.74 5.325 0 P 0
L 3.72 5.345 3.74 5.365 0 P 0
L 3.72 5.56 3.74 5.54 0 P 0
L 3.72 5.56 3.74 5.58 0 P 0
L 3.728 4.893 3.734 4.905 0 P 0
L 3.728 4.893 3.74 4.899 0 P 0
L 3.728 4.917 3.734 4.905 0 P 0
L 3.728 4.917 3.74 4.911 0 P 0
L 3.73 1.645 3.74 1.645 0 P 0
L 3.73 1.645 3.74 1.655 0 P 0
L 3.73 1.665 3.74 1.655 0 P 0
L 3.73 1.665 3.74 1.665 0 P 0
L 3.7399968 1.9250064 3.7399968 1.9650064 0 P 0
L 3.7399968 2.3250064 3.7399968 2.3650064 0 P 0
L 3.74 1.645 3.75 1.635 0 P 0
L 3.74 1.665 3.75 1.675 0 P 0
L 3.74 4.895 3.76 4.885 0 P 0
L 3.74 4.899 3.752 4.893 0 P 0
L 3.74 4.911 3.752 4.917 0 P 0
L 3.74 4.915 3.76 4.925 0 P 0
L 3.74 5.105 3.76 5.125 0 P 0
L 3.74 5.145 3.76 5.125 0 P 0
L 3.74 5.325 3.76 5.345 0 P 0
L 3.74 5.365 3.76 5.345 0 P 0
L 3.74 5.54 3.76 5.56 0 P 0
L 3.74 5.58 3.76 5.56 0 P 0
L 3.746 4.905 3.752 4.893 0 P 0
L 3.746 4.905 3.752 4.917 0 P 0
L 3.75 1.635 3.76 1.645 0 P 0
L 3.75 1.675 3.76 1.665 0 P 0
L 3.75 4.905 3.76 4.885 0 P 0
L 3.75 4.905 3.76 4.925 0 P 0
L 3.755 1.165 3.755 1.1899919 0 P 0
L 3.755 1.1899919 3.7883226 1.1899919 0 P 0
L 3.755 1.2149838 3.755 1.165 0 P 0
L 3.76 1.645 3.77 1.645 0 P 0
L 3.76 1.655 3.77 1.645 0 P 0
L 3.76 1.655 3.77 1.665 0 P 0
L 3.76 1.665 3.77 1.665 0 P 0
L 3.76 3.56 3.78 3.54 0 P 0
L 3.76 3.56 3.78 3.58 0 P 0
L 3.76 3.66 3.78 3.64 0 P 0
L 3.76 3.66 3.78 3.68 0 P 0
L 3.76 3.76 3.78 3.74 0 P 0
L 3.76 3.76 3.78 3.78 0 P 0
L 3.76 3.86 3.78 3.84 0 P 0
L 3.76 3.86 3.78 3.88 0 P 0
L 3.76 3.96 3.78 3.94 0 P 0
L 3.76 3.96 3.78 3.98 0 P 0
L 3.76 4.06 3.78 4.04 0 P 0
L 3.76 4.06 3.78 4.08 0 P 0
L 3.78 3.54 3.8 3.56 0 P 0
L 3.78 3.58 3.8 3.56 0 P 0
L 3.78 3.64 3.8 3.66 0 P 0
L 3.78 3.68 3.8 3.66 0 P 0
L 3.78 3.74 3.8 3.76 0 P 0
L 3.78 3.78 3.8 3.76 0 P 0
L 3.78 3.84 3.8 3.86 0 P 0
L 3.78 3.88 3.8 3.86 0 P 0
L 3.78 3.94 3.8 3.96 0 P 0
L 3.78 3.98 3.8 3.96 0 P 0
L 3.78 4.04 3.8 4.06 0 P 0
L 3.78 4.08 3.8 4.06 0 P 0
L 3.7883226 1.1899919 3.7883226 1.2149838 0 P 0
L 3.7883226 1.2149838 3.7883226 1.165 0 P 0
L 3.82 5.125 3.84 5.105 0 P 0
L 3.82 5.125 3.84 5.145 0 P 0
L 3.82 5.345 3.84 5.325 0 P 0
L 3.82 5.345 3.84 5.365 0 P 0
L 3.82 5.56 3.84 5.54 0 P 0
L 3.82 5.56 3.84 5.58 0 P 0
L 3.83 1.645 3.84 1.645 0 P 0
L 3.83 1.645 3.84 1.655 0 P 0
L 3.83 1.665 3.84 1.655 0 P 0
L 3.83 1.665 3.84 1.665 0 P 0
L 3.83 3.095 3.85 3.055 0 P 0
L 3.83 3.095 3.87 3.095 0 P 0
L 3.84 1.645 3.85 1.635 0 P 0
L 3.84 1.665 3.85 1.675 0 P 0
L 3.84 5.105 3.86 5.125 0 P 0
L 3.84 5.145 3.86 5.125 0 P 0
L 3.84 5.325 3.86 5.345 0 P 0
L 3.84 5.365 3.86 5.345 0 P 0
L 3.84 5.54 3.86 5.56 0 P 0
L 3.84 5.58 3.86 5.56 0 P 0
L 3.85 1.635 3.86 1.645 0 P 0
L 3.85 1.675 3.86 1.665 0 P 0
L 3.85 3.055 3.87 3.095 0 P 0
L 3.86 1.645 3.87 1.645 0 P 0
L 3.86 1.655 3.87 1.645 0 P 0
L 3.86 1.655 3.87 1.665 0 P 0
L 3.86 1.665 3.87 1.665 0 P 0
L 3.92 4.8825 3.93 4.9025 0 P 0
L 3.92 4.8825 3.94 4.8925 0 P 0
L 3.92 4.9225 3.93 4.9025 0 P 0
L 3.92 4.9225 3.94 4.9125 0 P 0
L 3.92 5.125 3.94 5.105 0 P 0
L 3.92 5.125 3.94 5.145 0 P 0
L 3.92 5.345 3.94 5.325 0 P 0
L 3.92 5.345 3.94 5.365 0 P 0
L 3.92 5.56 3.94 5.54 0 P 0
L 3.92 5.56 3.94 5.58 0 P 0
L 3.928 4.8905 3.934 4.9025 0 P 0
L 3.928 4.8905 3.94 4.8965 0 P 0
L 3.928 4.9145 3.934 4.9025 0 P 0
L 3.928 4.9145 3.94 4.9085 0 P 0
L 3.93 1.645 3.94 1.645 0 P 0
L 3.93 1.645 3.94 1.655 0 P 0
L 3.93 1.665 3.94 1.655 0 P 0
L 3.93 1.665 3.94 1.665 0 P 0
L 3.93 3.095 3.95 3.055 0 P 0
L 3.93 3.095 3.97 3.095 0 P 0
L 3.94 1.645 3.95 1.635 0 P 0
L 3.94 1.665 3.95 1.675 0 P 0
L 3.94 4.8925 3.96 4.8825 0 P 0
L 3.94 4.8965 3.952 4.8905 0 P 0
L 3.94 4.9085 3.952 4.9145 0 P 0
L 3.94 4.9125 3.96 4.9225 0 P 0
L 3.94 5.105 3.96 5.125 0 P 0
L 3.94 5.145 3.96 5.125 0 P 0
L 3.94 5.325 3.96 5.345 0 P 0
L 3.94 5.365 3.96 5.345 0 P 0
L 3.94 5.54 3.96 5.56 0 P 0
L 3.94 5.58 3.96 5.56 0 P 0
L 3.946 4.9025 3.952 4.8905 0 P 0
L 3.946 4.9025 3.952 4.9145 0 P 0
L 3.95 1.635 3.96 1.645 0 P 0
L 3.95 1.675 3.96 1.665 0 P 0
L 3.95 3.055 3.97 3.095 0 P 0
L 3.95 4.9025 3.96 4.8825 0 P 0
L 3.95 4.9025 3.96 4.9225 0 P 0
L 3.955 1.165 3.955 1.1899919 0 P 0
L 3.955 1.1899919 3.9883226 1.1899919 0 P 0
L 3.955 1.2149838 3.955 1.165 0 P 0
L 3.96 1.645 3.97 1.645 0 P 0
L 3.96 1.655 3.97 1.645 0 P 0
L 3.96 1.655 3.97 1.665 0 P 0
L 3.96 1.665 3.97 1.665 0 P 0
L 3.9699968 1.9250064 3.9699968 1.9650064 0 P 0
L 3.9699968 1.9250064 4.0099968 1.9250064 0 P 0
L 3.9699968 1.9650064 4.0099968 1.9650064 0 P 0
L 3.9699968 2.3250064 3.9699968 2.3650064 0 P 0
L 3.9699968 2.3250064 4.0099968 2.3250064 0 P 0
L 3.9699968 2.3650064 4.0099968 2.3650064 0 P 0
L 3.9883226 1.1899919 3.9883226 1.2149838 0 P 0
L 3.9883226 1.2149838 3.9883226 1.165 0 P 0
L 4.0099968 1.9250064 4.0099968 1.9650064 0 P 0
L 4.0099968 2.3250064 4.0099968 2.3650064 0 P 0
L 4.02 4.8825 4.03 4.9025 0 P 0
L 4.02 4.8825 4.04 4.8925 0 P 0
L 4.02 4.9225 4.03 4.9025 0 P 0
L 4.02 4.9225 4.04 4.9125 0 P 0
L 4.02 5.56 4.04 5.54 0 P 0
L 4.02 5.56 4.04 5.58 0 P 0
L 4.028 4.8905 4.034 4.9025 0 P 0
L 4.028 4.8905 4.04 4.8965 0 P 0
L 4.028 4.9145 4.034 4.9025 0 P 0
L 4.028 4.9145 4.04 4.9085 0 P 0
L 4.03 3.095 4.05 3.055 0 P 0
L 4.03 3.095 4.07 3.095 0 P 0
L 4.04 4.8925 4.06 4.8825 0 P 0
L 4.04 4.8965 4.052 4.8905 0 P 0
L 4.04 4.9085 4.052 4.9145 0 P 0
L 4.04 4.9125 4.06 4.9225 0 P 0
L 4.04 5.54 4.06 5.56 0 P 0
L 4.04 5.58 4.06 5.56 0 P 0
L 4.046 4.9025 4.052 4.8905 0 P 0
L 4.046 4.9025 4.052 4.9145 0 P 0
L 4.05 3.055 4.07 3.095 0 P 0
L 4.05 4.9025 4.06 4.8825 0 P 0
L 4.05 4.9025 4.06 4.9225 0 P 0
L 4.1084252 5.345 4.1284252 5.325 0 P 0
L 4.1084252 5.345 4.1284252 5.365 0 P 0
L 4.12 5.56 4.14 5.54 0 P 0
L 4.12 5.56 4.14 5.58 0 P 0
L 4.1284252 5.325 4.1484252 5.345 0 P 0
L 4.1284252 5.365 4.1484252 5.345 0 P 0
L 4.13 3.095 4.15 3.055 0 P 0
L 4.13 3.095 4.17 3.095 0 P 0
L 4.14 5.54 4.16 5.56 0 P 0
L 4.14 5.58 4.16 5.56 0 P 0
L 4.15 3.055 4.17 3.095 0 P 0
L 4.16 3.56 4.18 3.54 0 P 0
L 4.16 3.56 4.18 3.58 0 P 0
L 4.16 3.66 4.18 3.64 0 P 0
L 4.16 3.66 4.18 3.68 0 P 0
L 4.16 3.76 4.18 3.74 0 P 0
L 4.16 3.76 4.18 3.78 0 P 0
L 4.16 3.86 4.18 3.84 0 P 0
L 4.16 3.86 4.18 3.88 0 P 0
L 4.16 3.96 4.18 3.94 0 P 0
L 4.16 3.96 4.18 3.98 0 P 0
L 4.16 4.06 4.18 4.04 0 P 0
L 4.16 4.06 4.18 4.08 0 P 0
L 4.1649968 1.9250064 4.1649968 1.9650064 0 P 0
L 4.1649968 1.9250064 4.2049968 1.9250064 0 P 0
L 4.1649968 1.9650064 4.2049968 1.9650064 0 P 0
L 4.1649968 2.3250064 4.1649968 2.3650064 0 P 0
L 4.1649968 2.3250064 4.2049968 2.3250064 0 P 0
L 4.1649968 2.3650064 4.2049968 2.3650064 0 P 0
L 4.18 3.54 4.2 3.56 0 P 0
L 4.18 3.58 4.2 3.56 0 P 0
L 4.18 3.64 4.2 3.66 0 P 0
L 4.18 3.68 4.2 3.66 0 P 0
L 4.18 3.74 4.2 3.76 0 P 0
L 4.18 3.78 4.2 3.76 0 P 0
L 4.18 3.84 4.2 3.86 0 P 0
L 4.18 3.88 4.2 3.86 0 P 0
L 4.18 3.94 4.2 3.96 0 P 0
L 4.18 3.98 4.2 3.96 0 P 0
L 4.18 4.04 4.2 4.06 0 P 0
L 4.18 4.08 4.2 4.06 0 P 0
L 4.185 4.805 4.2099919 4.805 0 P 0
L 4.185 4.8549838 4.185 4.805 0 P 0
L 4.185 5.205 4.2099919 5.205 0 P 0
L 4.185 5.2549838 4.185 5.205 0 P 0
L 4.2049968 1.9250064 4.2049968 1.9650064 0 P 0
L 4.2049968 2.3250064 4.2049968 2.3650064 0 P 0
L 4.205 1.645 4.215 1.645 0 P 0
L 4.205 1.645 4.215 1.655 0 P 0
L 4.205 1.665 4.215 1.655 0 P 0
L 4.205 1.665 4.215 1.665 0 P 0
L 4.2092126 5.345 4.2292126 5.325 0 P 0
L 4.2092126 5.345 4.2292126 5.365 0 P 0
L 4.2099919 4.805 4.2183226 4.8133306 0 P 0
L 4.2099919 4.8549838 4.185 4.8549838 0 P 0
L 4.2099919 5.205 4.2183226 5.2133306 0 P 0
L 4.2099919 5.2549838 4.185 5.2549838 0 P 0
L 4.215 1.645 4.225 1.635 0 P 0
L 4.215 1.665 4.225 1.675 0 P 0
L 4.2183226 4.8133306 4.2183226 4.8466532 0 P 0
L 4.2183226 4.8466532 4.2099919 4.8549838 0 P 0
L 4.2183226 5.2133306 4.2183226 5.2466532 0 P 0
L 4.2183226 5.2466532 4.2099919 5.2549838 0 P 0
L 4.22 5.56 4.24 5.54 0 P 0
L 4.22 5.56 4.24 5.58 0 P 0
L 4.225 1.635 4.235 1.645 0 P 0
L 4.225 1.675 4.235 1.665 0 P 0
L 4.2292126 5.325 4.2492126 5.345 0 P 0
L 4.2292126 5.365 4.2492126 5.345 0 P 0
L 4.23 1.165 4.23 1.1899919 0 P 0
L 4.23 1.1899919 4.2633226 1.1899919 0 P 0
L 4.23 1.2149838 4.23 1.165 0 P 0
L 4.23 3.095 4.25 3.055 0 P 0
L 4.23 3.095 4.27 3.095 0 P 0
L 4.235 1.645 4.245 1.645 0 P 0
L 4.235 1.655 4.245 1.645 0 P 0
L 4.235 1.655 4.245 1.665 0 P 0
L 4.235 1.665 4.245 1.665 0 P 0
L 4.24 5.54 4.26 5.56 0 P 0
L 4.24 5.58 4.26 5.56 0 P 0
L 4.25 3.055 4.27 3.095 0 P 0
L 4.2633226 1.1899919 4.2633226 1.2149838 0 P 0
L 4.2633226 1.2149838 4.2633226 1.165 0 P 0
L 4.305 1.645 4.315 1.645 0 P 0
L 4.305 1.645 4.315 1.655 0 P 0
L 4.305 1.665 4.315 1.655 0 P 0
L 4.305 1.665 4.315 1.665 0 P 0
L 4.31 5.345 4.33 5.325 0 P 0
L 4.31 5.345 4.33 5.365 0 P 0
L 4.315 1.645 4.325 1.635 0 P 0
L 4.315 1.665 4.325 1.675 0 P 0
L 4.315 4.805 4.3399919 4.805 0 P 0
L 4.315 4.8549838 4.315 4.805 0 P 0
L 4.315 5.205 4.3399919 5.205 0 P 0
L 4.315 5.2549838 4.315 5.205 0 P 0
L 4.32 5.56 4.34 5.54 0 P 0
L 4.32 5.56 4.34 5.58 0 P 0
L 4.325 1.635 4.335 1.645 0 P 0
L 4.325 1.675 4.335 1.665 0 P 0
L 4.33 3.095 4.35 3.055 0 P 0
L 4.33 3.095 4.37 3.095 0 P 0
L 4.33 5.325 4.35 5.345 0 P 0
L 4.33 5.365 4.35 5.345 0 P 0
L 4.335 1.645 4.345 1.645 0 P 0
L 4.335 1.655 4.345 1.645 0 P 0
L 4.335 1.655 4.345 1.665 0 P 0
L 4.335 1.665 4.345 1.665 0 P 0
L 4.3399919 4.805 4.3483226 4.8133306 0 P 0
L 4.3399919 4.8549838 4.315 4.8549838 0 P 0
L 4.3399919 5.205 4.3483226 5.2133306 0 P 0
L 4.3399919 5.2549838 4.315 5.2549838 0 P 0
L 4.34 5.54 4.36 5.56 0 P 0
L 4.34 5.58 4.36 5.56 0 P 0
L 4.3483226 4.8133306 4.3483226 4.8466532 0 P 0
L 4.3483226 4.8466532 4.3399919 4.8549838 0 P 0
L 4.3483226 5.2133306 4.3483226 5.2466532 0 P 0
L 4.3483226 5.2466532 4.3399919 5.2549838 0 P 0
L 4.35 3.055 4.37 3.095 0 P 0
L 4.405 1.645 4.415 1.645 0 P 0
L 4.405 1.645 4.415 1.655 0 P 0
L 4.405 1.665 4.415 1.655 0 P 0
L 4.405 1.665 4.415 1.665 0 P 0
L 4.415 1.645 4.425 1.635 0 P 0
L 4.415 1.665 4.425 1.675 0 P 0
L 4.4249936 3.2899968 4.4249936 3.3299968 0 P 0
L 4.4249936 3.2899968 4.4649936 3.2899968 0 P 0
L 4.4249936 3.3299968 4.4649936 3.3299968 0 P 0
L 4.425 1.635 4.435 1.645 0 P 0
L 4.425 1.675 4.435 1.665 0 P 0
L 4.43 1.165 4.43 1.1899919 0 P 0
L 4.43 1.1899919 4.4633226 1.1899919 0 P 0
L 4.43 1.2149838 4.43 1.165 0 P 0
L 4.43 3.095 4.45 3.055 0 P 0
L 4.43 3.095 4.47 3.095 0 P 0
L 4.435 1.645 4.445 1.645 0 P 0
L 4.435 1.655 4.445 1.645 0 P 0
L 4.435 1.655 4.445 1.665 0 P 0
L 4.435 1.665 4.445 1.665 0 P 0
L 4.435 4.805 4.4599919 4.805 0 P 0
L 4.435 4.8549838 4.435 4.805 0 P 0
L 4.435 5.205 4.4599919 5.205 0 P 0
L 4.435 5.2549838 4.435 5.205 0 P 0
L 4.4499968 1.9250064 4.4499968 1.9650064 0 P 0
L 4.4499968 1.9250064 4.4899968 1.9250064 0 P 0
L 4.4499968 1.9650064 4.4899968 1.9650064 0 P 0
L 4.4499968 2.3250064 4.4499968 2.3650064 0 P 0
L 4.4499968 2.3250064 4.4899968 2.3250064 0 P 0
L 4.4499968 2.3650064 4.4899968 2.3650064 0 P 0
L 4.45 3.055 4.47 3.095 0 P 0
L 4.4599919 4.805 4.4683226 4.8133306 0 P 0
L 4.4599919 4.8549838 4.435 4.8549838 0 P 0
L 4.4599919 5.205 4.4683226 5.2133306 0 P 0
L 4.4599919 5.2549838 4.435 5.2549838 0 P 0
L 4.4633226 1.1899919 4.4633226 1.2149838 0 P 0
L 4.4633226 1.2149838 4.4633226 1.165 0 P 0
L 4.4649936 3.2899968 4.4649936 3.3299968 0 P 0
L 4.4683226 4.8133306 4.4683226 4.8466532 0 P 0
L 4.4683226 4.8466532 4.4599919 4.8549838 0 P 0
L 4.4683226 5.2133306 4.4683226 5.2466532 0 P 0
L 4.4683226 5.2466532 4.4599919 5.2549838 0 P 0
L 4.48 3.58 4.48 3.6 0 P 0
L 4.48 3.58 4.49 3.58 0 P 0
L 4.48 3.6 4.49 3.6 0 P 0
L 4.4899968 1.9250064 4.4899968 1.9650064 0 P 0
L 4.4899968 2.3250064 4.4899968 2.3650064 0 P 0
L 4.49 3.57 4.49 3.58 0 P 0
L 4.49 3.57 4.51 3.57 0 P 0
L 4.49 3.6 4.49 3.61 0 P 0
L 4.49 3.61 4.51 3.61 0 P 0
L 4.51 3.57 4.51 3.58 0 P 0
L 4.51 3.58 4.52 3.58 0 P 0
L 4.51 3.6 4.51 3.61 0 P 0
L 4.51 3.6 4.52 3.6 0 P 0
L 4.52 3.58 4.52 3.6 0 P 0
L 4.6449968 1.9250064 4.6449968 1.9650064 0 P 0
L 4.6449968 1.9250064 4.6849968 1.9250064 0 P 0
L 4.6449968 1.9650064 4.6849968 1.9650064 0 P 0
L 4.6449968 2.3250064 4.6449968 2.3650064 0 P 0
L 4.6449968 2.3250064 4.6849968 2.3250064 0 P 0
L 4.6449968 2.3650064 4.6849968 2.3650064 0 P 0
L 4.68 1.645 4.69 1.645 0 P 0
L 4.68 1.645 4.69 1.655 0 P 0
L 4.68 1.665 4.69 1.655 0 P 0
L 4.68 1.665 4.69 1.665 0 P 0
L 4.6849968 1.9250064 4.6849968 1.9650064 0 P 0
L 4.6849968 2.3250064 4.6849968 2.3650064 0 P 0
L 4.69 1.645 4.7 1.635 0 P 0
L 4.69 1.665 4.7 1.675 0 P 0
L 4.7 1.635 4.71 1.645 0 P 0
L 4.7 1.675 4.71 1.665 0 P 0
L 4.705 1.165 4.705 1.1899919 0 P 0
L 4.705 1.1899919 4.7383226 1.1899919 0 P 0
L 4.705 1.2149838 4.705 1.165 0 P 0
L 4.705 5.005 4.725 4.985 0 P 0
L 4.705 5.005 4.725 5.025 0 P 0
L 4.705 5.405 4.725 5.385 0 P 0
L 4.705 5.405 4.725 5.425 0 P 0
L 4.71 1.645 4.72 1.645 0 P 0
L 4.71 1.655 4.72 1.645 0 P 0
L 4.71 1.655 4.72 1.665 0 P 0
L 4.71 1.665 4.72 1.665 0 P 0
L 4.71 5.56 4.73 5.54 0 P 0
L 4.71 5.56 4.73 5.58 0 P 0
L 4.725 4.985 4.745 5.005 0 P 0
L 4.725 5.025 4.745 5.005 0 P 0
L 4.725 5.385 4.745 5.405 0 P 0
L 4.725 5.425 4.745 5.405 0 P 0
L 4.73 5.54 4.75 5.56 0 P 0
L 4.73 5.58 4.75 5.56 0 P 0
L 4.7383226 1.1899919 4.7383226 1.2149838 0 P 0
L 4.7383226 1.2149838 4.7383226 1.165 0 P 0
L 4.78 1.645 4.79 1.645 0 P 0
L 4.78 1.645 4.79 1.655 0 P 0
L 4.78 1.665 4.79 1.655 0 P 0
L 4.78 1.665 4.79 1.665 0 P 0
L 4.79 1.645 4.8 1.635 0 P 0
L 4.79 1.665 4.8 1.675 0 P 0
L 4.8 1.635 4.81 1.645 0 P 0
L 4.8 1.675 4.81 1.665 0 P 0
L 4.81 1.645 4.82 1.645 0 P 0
L 4.81 1.655 4.82 1.645 0 P 0
L 4.81 1.655 4.82 1.665 0 P 0
L 4.81 1.665 4.82 1.665 0 P 0
L 4.81 5.56 4.83 5.54 0 P 0
L 4.81 5.56 4.83 5.58 0 P 0
L 4.8249936 3.2899968 4.8249936 3.3299968 0 P 0
L 4.8249936 3.2899968 4.8649936 3.2899968 0 P 0
L 4.8249936 3.3299968 4.8649936 3.3299968 0 P 0
L 4.825 2.7612598 4.825 2.8012598 0 P 0
L 4.825 2.7612598 4.865 2.7612598 0 P 0
L 4.825 2.8012598 4.865 2.8012598 0 P 0
L 4.825 2.8612598 4.825 2.9012598 0 P 0
L 4.825 2.8612598 4.865 2.8612598 0 P 0
L 4.825 2.9012598 4.865 2.9012598 0 P 0
L 4.825 2.9612598 4.825 3.0012598 0 P 0
L 4.825 2.9612598 4.865 2.9612598 0 P 0
L 4.825 3.0012598 4.865 3.0012598 0 P 0
L 4.825 3.0612598 4.825 3.1012598 0 P 0
L 4.825 3.0612598 4.865 3.0612598 0 P 0
L 4.825 3.1012598 4.865 3.1012598 0 P 0
L 4.825 5.005 4.845 4.985 0 P 0
L 4.825 5.005 4.845 5.025 0 P 0
L 4.825 5.405 4.845 5.385 0 P 0
L 4.825 5.405 4.845 5.425 0 P 0
L 4.83 5.54 4.85 5.56 0 P 0
L 4.83 5.58 4.85 5.56 0 P 0
L 4.833 2.7692598 4.833 2.7932598 0 P 0
L 4.833 2.7692598 4.857 2.7692598 0 P 0
L 4.833 2.7932598 4.857 2.7932598 0 P 0
L 4.833 2.8692598 4.833 2.8932598 0 P 0
L 4.833 2.8692598 4.857 2.8692598 0 P 0
L 4.833 2.8932598 4.857 2.8932598 0 P 0
L 4.833 2.9692598 4.833 2.9932598 0 P 0
L 4.833 2.9692598 4.857 2.9692598 0 P 0
L 4.833 2.9932598 4.857 2.9932598 0 P 0
L 4.833 3.0692598 4.833 3.0932598 0 P 0
L 4.833 3.0692598 4.857 3.0692598 0 P 0
L 4.833 3.0932598 4.857 3.0932598 0 P 0
L 4.845 4.985 4.865 5.005 0 P 0
L 4.845 5.025 4.865 5.005 0 P 0
L 4.845 5.385 4.865 5.405 0 P 0
L 4.845 5.425 4.865 5.405 0 P 0
L 4.857 2.7692598 4.857 2.7932598 0 P 0
L 4.857 2.8692598 4.857 2.8932598 0 P 0
L 4.857 2.9692598 4.857 2.9932598 0 P 0
L 4.857 3.0692598 4.857 3.0932598 0 P 0
L 4.8649936 3.2899968 4.8649936 3.3299968 0 P 0
L 4.865 2.7612598 4.865 2.8012598 0 P 0
L 4.865 2.8612598 4.865 2.9012598 0 P 0
L 4.865 2.9612598 4.865 3.0012598 0 P 0
L 4.865 3.0612598 4.865 3.1012598 0 P 0
L 4.88 1.645 4.89 1.645 0 P 0
L 4.88 1.645 4.89 1.655 0 P 0
L 4.88 1.665 4.89 1.655 0 P 0
L 4.88 1.665 4.89 1.665 0 P 0
L 4.89 1.645 4.9 1.635 0 P 0
L 4.89 1.665 4.9 1.675 0 P 0
L 4.9 1.635 4.91 1.645 0 P 0
L 4.9 1.675 4.91 1.665 0 P 0
L 4.905 1.165 4.905 1.1899919 0 P 0
L 4.905 1.1899919 4.9383226 1.1899919 0 P 0
L 4.905 1.2149838 4.905 1.165 0 P 0
L 4.91 1.645 4.92 1.645 0 P 0
L 4.91 1.655 4.92 1.645 0 P 0
L 4.91 1.655 4.92 1.665 0 P 0
L 4.91 1.665 4.92 1.665 0 P 0
L 4.91 5.56 4.93 5.54 0 P 0
L 4.91 5.56 4.93 5.58 0 P 0
L 4.9299968 1.9250064 4.9299968 1.9650064 0 P 0
L 4.9299968 1.9250064 4.9699968 1.9250064 0 P 0
L 4.9299968 1.9650064 4.9699968 1.9650064 0 P 0
L 4.9299968 2.3250064 4.9299968 2.3650064 0 P 0
L 4.9299968 2.3250064 4.9699968 2.3250064 0 P 0
L 4.9299968 2.3650064 4.9699968 2.3650064 0 P 0
L 4.93 5.54 4.95 5.56 0 P 0
L 4.93 5.58 4.95 5.56 0 P 0
L 4.9383226 1.1899919 4.9383226 1.2149838 0 P 0
L 4.9383226 1.2149838 4.9383226 1.165 0 P 0
L 4.94 5.005 4.96 4.985 0 P 0
L 4.94 5.005 4.96 5.025 0 P 0
L 4.94 5.405 4.96 5.385 0 P 0
L 4.94 5.405 4.96 5.425 0 P 0
L 4.96 4.985 4.98 5.005 0 P 0
L 4.96 5.025 4.98 5.005 0 P 0
L 4.96 5.385 4.98 5.405 0 P 0
L 4.96 5.425 4.98 5.405 0 P 0
L 4.9699968 1.9250064 4.9699968 1.9650064 0 P 0
L 4.9699968 2.3250064 4.9699968 2.3650064 0 P 0
L 5.01 5.56 5.03 5.54 0 P 0
L 5.01 5.56 5.03 5.58 0 P 0
L 5.03 5.54 5.05 5.56 0 P 0
L 5.03 5.58 5.05 5.56 0 P 0
L 5.125 2.7612598 5.125 2.8012598 0 P 0
L 5.125 2.7612598 5.165 2.7612598 0 P 0
L 5.125 2.8012598 5.165 2.8012598 0 P 0
L 5.125 2.8612598 5.125 2.9012598 0 P 0
L 5.125 2.8612598 5.165 2.8612598 0 P 0
L 5.125 2.9012598 5.165 2.9012598 0 P 0
L 5.125 2.9612598 5.125 3.0012598 0 P 0
L 5.125 2.9612598 5.165 2.9612598 0 P 0
L 5.125 3.0012598 5.165 3.0012598 0 P 0
L 5.125 3.0612598 5.125 3.1012598 0 P 0
L 5.125 3.0612598 5.165 3.0612598 0 P 0
L 5.125 3.1012598 5.165 3.1012598 0 P 0
L 5.133 2.7692598 5.133 2.7932598 0 P 0
L 5.133 2.7692598 5.157 2.7692598 0 P 0
L 5.133 2.7932598 5.157 2.7932598 0 P 0
L 5.133 2.8692598 5.133 2.8932598 0 P 0
L 5.133 2.8692598 5.157 2.8692598 0 P 0
L 5.133 2.8932598 5.157 2.8932598 0 P 0
L 5.133 2.9692598 5.133 2.9932598 0 P 0
L 5.133 2.9692598 5.157 2.9692598 0 P 0
L 5.133 2.9932598 5.157 2.9932598 0 P 0
L 5.133 3.0692598 5.133 3.0932598 0 P 0
L 5.133 3.0692598 5.157 3.0692598 0 P 0
L 5.133 3.0932598 5.157 3.0932598 0 P 0
L 5.157 2.7692598 5.157 2.7932598 0 P 0
L 5.157 2.8692598 5.157 2.8932598 0 P 0
L 5.157 2.9692598 5.157 2.9932598 0 P 0
L 5.157 3.0692598 5.157 3.0932598 0 P 0
L 5.165 2.7612598 5.165 2.8012598 0 P 0
L 5.165 2.8612598 5.165 2.9012598 0 P 0
L 5.165 2.9612598 5.165 3.0012598 0 P 0
L 5.165 3.0612598 5.165 3.1012598 0 P 0
L 5.245 1.1 5.245 1.12 0 P 0
L 5.245 1.1 5.255 1.1 0 P 0
L 5.245 1.12 5.255 1.12 0 P 0
L 5.245 2.545 5.245 2.565 0 P 0
L 5.245 2.545 5.255 2.545 0 P 0
L 5.245 2.565 5.255 2.565 0 P 0
L 5.255 1.09 5.255 1.1 0 P 0
L 5.255 1.09 5.275 1.09 0 P 0
L 5.255 1.12 5.255 1.13 0 P 0
L 5.255 1.13 5.275 1.13 0 P 0
L 5.255 2.535 5.255 2.545 0 P 0
L 5.255 2.535 5.275 2.535 0 P 0
L 5.255 2.565 5.255 2.575 0 P 0
L 5.255 2.575 5.275 2.575 0 P 0
L 5.275 1.09 5.275 1.1 0 P 0
L 5.275 1.1 5.285 1.1 0 P 0
L 5.275 1.12 5.275 1.13 0 P 0
L 5.275 1.12 5.285 1.12 0 P 0
L 5.275 2.535 5.275 2.545 0 P 0
L 5.275 2.545 5.285 2.545 0 P 0
L 5.275 2.565 5.275 2.575 0 P 0
L 5.275 2.565 5.285 2.565 0 P 0
L 5.285 1.1 5.285 1.12 0 P 0
L 5.285 2.545 5.285 2.565 0 P 0
L 5.545 3.66 5.565 3.64 0 P 0
L 5.545 3.66 5.565 3.68 0 P 0
L 5.545 3.76 5.565 3.74 0 P 0
L 5.545 3.76 5.565 3.78 0 P 0
L 5.545 3.86 5.565 3.84 0 P 0
L 5.545 3.86 5.565 3.88 0 P 0
L 5.545 3.96 5.565 3.94 0 P 0
L 5.545 3.96 5.565 3.98 0 P 0
L 5.565 3.64 5.585 3.66 0 P 0
L 5.565 3.68 5.585 3.66 0 P 0
L 5.565 3.74 5.585 3.76 0 P 0
L 5.565 3.78 5.585 3.76 0 P 0
L 5.565 3.84 5.585 3.86 0 P 0
L 5.565 3.88 5.585 3.86 0 P 0
L 5.565 3.94 5.585 3.96 0 P 0
L 5.565 3.98 5.585 3.96 0 P 0
L 5.6 4.3833306 5.6083306 4.375 0 P 0
L 5.6 4.4166532 5.6 4.3833306 0 P 0
L 5.6083306 4.375 5.6249919 4.375 0 P 0
L 5.6083306 4.4249838 5.6 4.4166532 0 P 0
L 5.6249919 4.375 5.6333226 4.3833306 0 P 0
L 5.6249919 4.4249838 5.6083306 4.4249838 0 P 0
L 5.6333226 4.4166532 5.6249919 4.4249838 0 P 0
L 5.6634252 2.775 5.6834252 2.755 0 P 0
L 5.6634252 2.775 5.6834252 2.795 0 P 0
L 5.6834252 2.755 5.7034252 2.775 0 P 0
L 5.6834252 2.795 5.7034252 2.775 0 P 0
L 5.7642126 2.775 5.7842126 2.755 0 P 0
L 5.7642126 2.775 5.7842126 2.795 0 P 0
L 5.7842126 2.755 5.8042126 2.775 0 P 0
L 5.7842126 2.795 5.8042126 2.775 0 P 0
L 5.805 3.29 5.805 3.33 0 P 0
L 5.805 3.29 5.845 3.29 0 P 0
L 5.805 3.33 5.845 3.33 0 P 0
L 5.845 3.29 5.845 3.33 0 P 0
L 5.865 2.775 5.885 2.755 0 P 0
L 5.865 2.775 5.885 2.795 0 P 0
L 5.88 4.87 5.9 4.85 0 P 0
L 5.88 4.87 5.9 4.89 0 P 0
L 5.885 2.755 5.905 2.775 0 P 0
L 5.885 2.795 5.905 2.775 0 P 0
L 5.9 4.85 5.92 4.87 0 P 0
L 5.9 4.89 5.92 4.87 0 P 0
L 6 4.3833306 6.0083306 4.375 0 P 0
L 6 4.4166532 6 4.3833306 0 P 0
L 6 5.075 6.01 5.075 0 P 0
L 6 5.075 6.01 5.085 0 P 0
L 6 5.095 6.01 5.085 0 P 0
L 6 5.095 6.01 5.095 0 P 0
L 6.0083306 4.375 6.0249919 4.375 0 P 0
L 6.0083306 4.4249838 6 4.4166532 0 P 0
L 6.01 5.075 6.02 5.065 0 P 0
L 6.01 5.095 6.02 5.105 0 P 0
L 6.015 5.475 6.015 5.5083226 0 P 0
L 6.015 5.5083226 6.0316613 5.5249838 0 P 0
L 6.02 5.065 6.03 5.075 0 P 0
L 6.02 5.105 6.03 5.095 0 P 0
L 6.0249919 4.375 6.0333226 4.3833306 0 P 0
L 6.0249919 4.4249838 6.0083306 4.4249838 0 P 0
L 6.03 5.075 6.04 5.075 0 P 0
L 6.03 5.085 6.04 5.075 0 P 0
L 6.03 5.085 6.04 5.095 0 P 0
L 6.03 5.095 6.04 5.095 0 P 0
L 6.0316613 5.5249838 6.0483226 5.5083226 0 P 0
L 6.0333226 4.4166532 6.0249919 4.4249838 0 P 0
L 6.0483226 5.475 6.0483226 5.4999919 0 P 0
L 6.0483226 5.4999919 6.015 5.4999919 0 P 0
L 6.0483226 5.5083226 6.0483226 5.475 0 P 0
L 6.1 5.075 6.11 5.075 0 P 0
L 6.1 5.075 6.11 5.085 0 P 0
L 6.1 5.095 6.11 5.085 0 P 0
L 6.1 5.095 6.11 5.095 0 P 0
L 6.11 5.075 6.12 5.065 0 P 0
L 6.11 5.095 6.12 5.105 0 P 0
L 6.12 5.065 6.13 5.075 0 P 0
L 6.12 5.105 6.13 5.095 0 P 0
L 6.13 5.075 6.14 5.075 0 P 0
L 6.13 5.085 6.14 5.075 0 P 0
L 6.13 5.085 6.14 5.095 0 P 0
L 6.13 5.095 6.14 5.095 0 P 0
L 6.2 5.075 6.21 5.075 0 P 0
L 6.2 5.075 6.21 5.085 0 P 0
L 6.2 5.095 6.21 5.085 0 P 0
L 6.2 5.095 6.21 5.095 0 P 0
L 6.205 2.7612598 6.205 2.8012598 0 P 0
L 6.205 2.7612598 6.245 2.7612598 0 P 0
L 6.205 2.8012598 6.245 2.8012598 0 P 0
L 6.205 2.8612598 6.205 2.9012598 0 P 0
L 6.205 2.8612598 6.245 2.8612598 0 P 0
L 6.205 2.9012598 6.245 2.9012598 0 P 0
L 6.205 2.9612598 6.205 3.0012598 0 P 0
L 6.205 2.9612598 6.245 2.9612598 0 P 0
L 6.205 3.0012598 6.245 3.0012598 0 P 0
L 6.205 3.0612598 6.205 3.1012598 0 P 0
L 6.205 3.0612598 6.245 3.0612598 0 P 0
L 6.205 3.1012598 6.245 3.1012598 0 P 0
L 6.205 3.29 6.205 3.33 0 P 0
L 6.205 3.29 6.245 3.29 0 P 0
L 6.205 3.33 6.245 3.33 0 P 0
L 6.21 5.075 6.22 5.065 0 P 0
L 6.21 5.095 6.22 5.105 0 P 0
L 6.213 2.7692598 6.213 2.7932598 0 P 0
L 6.213 2.7692598 6.237 2.7692598 0 P 0
L 6.213 2.7932598 6.237 2.7932598 0 P 0
L 6.213 2.8692598 6.213 2.8932598 0 P 0
L 6.213 2.8692598 6.237 2.8692598 0 P 0
L 6.213 2.8932598 6.237 2.8932598 0 P 0
L 6.213 2.9692598 6.213 2.9932598 0 P 0
L 6.213 2.9692598 6.237 2.9692598 0 P 0
L 6.213 2.9932598 6.237 2.9932598 0 P 0
L 6.213 3.0692598 6.213 3.0932598 0 P 0
L 6.213 3.0692598 6.237 3.0692598 0 P 0
L 6.213 3.0932598 6.237 3.0932598 0 P 0
L 6.215 5.475 6.215 5.5083226 0 P 0
L 6.215 5.5083226 6.2316613 5.5249838 0 P 0
L 6.22 5.065 6.23 5.075 0 P 0
L 6.22 5.105 6.23 5.095 0 P 0
L 6.23 5.075 6.24 5.075 0 P 0
L 6.23 5.085 6.24 5.075 0 P 0
L 6.23 5.085 6.24 5.095 0 P 0
L 6.23 5.095 6.24 5.095 0 P 0
L 6.2316613 5.5249838 6.2483226 5.5083226 0 P 0
L 6.237 2.7692598 6.237 2.7932598 0 P 0
L 6.237 2.8692598 6.237 2.8932598 0 P 0
L 6.237 2.9692598 6.237 2.9932598 0 P 0
L 6.237 3.0692598 6.237 3.0932598 0 P 0
L 6.245 2.7612598 6.245 2.8012598 0 P 0
L 6.245 2.8612598 6.245 2.9012598 0 P 0
L 6.245 2.9612598 6.245 3.0012598 0 P 0
L 6.245 3.0612598 6.245 3.1012598 0 P 0
L 6.245 3.29 6.245 3.33 0 P 0
L 6.2483226 5.475 6.2483226 5.4999919 0 P 0
L 6.2483226 5.4999919 6.215 5.4999919 0 P 0
L 6.2483226 5.5083226 6.2483226 5.475 0 P 0
L 6.305 4.3833306 6.3133306 4.375 0 P 0
L 6.305 4.4166532 6.305 4.3833306 0 P 0
L 6.31 1.1 6.31 1.12 0 P 0
L 6.31 1.1 6.32 1.1 0 P 0
L 6.31 1.12 6.32 1.12 0 P 0
L 6.31 2.55 6.31 2.57 0 P 0
L 6.31 2.55 6.32 2.55 0 P 0
L 6.31 2.57 6.32 2.57 0 P 0
L 6.3133306 4.375 6.3299919 4.375 0 P 0
L 6.3133306 4.4249838 6.305 4.4166532 0 P 0
L 6.32 1.09 6.32 1.1 0 P 0
L 6.32 1.09 6.34 1.09 0 P 0
L 6.32 1.12 6.32 1.13 0 P 0
L 6.32 1.13 6.34 1.13 0 P 0
L 6.32 2.54 6.32 2.55 0 P 0
L 6.32 2.54 6.34 2.54 0 P 0
L 6.32 2.57 6.32 2.58 0 P 0
L 6.32 2.58 6.34 2.58 0 P 0
L 6.3299919 4.375 6.3383226 4.3833306 0 P 0
L 6.3299919 4.4249838 6.3133306 4.4249838 0 P 0
L 6.3383226 4.4166532 6.3299919 4.4249838 0 P 0
L 6.34 1.09 6.34 1.1 0 P 0
L 6.34 1.1 6.35 1.1 0 P 0
L 6.34 1.12 6.34 1.13 0 P 0
L 6.34 1.12 6.35 1.12 0 P 0
L 6.34 2.54 6.34 2.55 0 P 0
L 6.34 2.55 6.35 2.55 0 P 0
L 6.34 2.57 6.34 2.58 0 P 0
L 6.34 2.57 6.35 2.57 0 P 0
L 6.35 1.1 6.35 1.12 0 P 0
L 6.35 2.55 6.35 2.57 0 P 0
L 6.415 5.475 6.415 5.5083226 0 P 0
L 6.415 5.5083226 6.4316613 5.5249838 0 P 0
L 6.4316613 5.5249838 6.4483226 5.5083226 0 P 0
L 6.435 4.565 6.445 4.585 0 P 0
L 6.435 4.565 6.455 4.575 0 P 0
L 6.435 4.605 6.445 4.585 0 P 0
L 6.435 4.605 6.455 4.595 0 P 0
L 6.435 5.065 6.445 5.085 0 P 0
L 6.435 5.065 6.455 5.075 0 P 0
L 6.435 5.105 6.445 5.085 0 P 0
L 6.435 5.105 6.455 5.095 0 P 0
L 6.4483226 5.475 6.4483226 5.4999919 0 P 0
L 6.4483226 5.4999919 6.415 5.4999919 0 P 0
L 6.4483226 5.5083226 6.4483226 5.475 0 P 0
L 6.455 4.575 6.475 4.565 0 P 0
L 6.455 4.595 6.475 4.605 0 P 0
L 6.455 5.075 6.475 5.065 0 P 0
L 6.455 5.095 6.475 5.105 0 P 0
L 6.465 4.585 6.475 4.565 0 P 0
L 6.465 4.585 6.475 4.605 0 P 0
L 6.465 5.085 6.475 5.065 0 P 0
L 6.465 5.085 6.475 5.105 0 P 0
L 6.505 2.7612598 6.505 2.8012598 0 P 0
L 6.505 2.7612598 6.545 2.7612598 0 P 0
L 6.505 2.8012598 6.545 2.8012598 0 P 0
L 6.505 2.8612598 6.505 2.9012598 0 P 0
L 6.505 2.8612598 6.545 2.8612598 0 P 0
L 6.505 2.9012598 6.545 2.9012598 0 P 0
L 6.505 2.9612598 6.505 3.0012598 0 P 0
L 6.505 2.9612598 6.545 2.9612598 0 P 0
L 6.505 3.0012598 6.545 3.0012598 0 P 0
L 6.505 3.0612598 6.505 3.1012598 0 P 0
L 6.505 3.0612598 6.545 3.0612598 0 P 0
L 6.505 3.1012598 6.545 3.1012598 0 P 0
L 6.513 2.7692598 6.513 2.7932598 0 P 0
L 6.513 2.7692598 6.537 2.7692598 0 P 0
L 6.513 2.7932598 6.537 2.7932598 0 P 0
L 6.513 2.8692598 6.513 2.8932598 0 P 0
L 6.513 2.8692598 6.537 2.8692598 0 P 0
L 6.513 2.8932598 6.537 2.8932598 0 P 0
L 6.513 2.9692598 6.513 2.9932598 0 P 0
L 6.513 2.9692598 6.537 2.9692598 0 P 0
L 6.513 2.9932598 6.537 2.9932598 0 P 0
L 6.513 3.0692598 6.513 3.0932598 0 P 0
L 6.513 3.0692598 6.537 3.0692598 0 P 0
L 6.513 3.0932598 6.537 3.0932598 0 P 0
L 6.537 2.7692598 6.537 2.7932598 0 P 0
L 6.537 2.8692598 6.537 2.8932598 0 P 0
L 6.537 2.9692598 6.537 2.9932598 0 P 0
L 6.537 3.0692598 6.537 3.0932598 0 P 0
L 6.545 2.7612598 6.545 2.8012598 0 P 0
L 6.545 2.8612598 6.545 2.9012598 0 P 0
L 6.545 2.9612598 6.545 3.0012598 0 P 0
L 6.545 3.0612598 6.545 3.1012598 0 P 0
L 6.565 1.1 6.565 1.12 0 P 0
L 6.565 1.1 6.575 1.1 0 P 0
L 6.565 1.12 6.575 1.12 0 P 0
L 6.565 2.545 6.565 2.565 0 P 0
L 6.565 2.545 6.575 2.545 0 P 0
L 6.565 2.565 6.575 2.565 0 P 0
L 6.575 1.09 6.575 1.1 0 P 0
L 6.575 1.09 6.595 1.09 0 P 0
L 6.575 1.12 6.575 1.13 0 P 0
L 6.575 1.13 6.595 1.13 0 P 0
L 6.575 2.535 6.575 2.545 0 P 0
L 6.575 2.535 6.595 2.535 0 P 0
L 6.575 2.565 6.575 2.575 0 P 0
L 6.575 2.575 6.595 2.575 0 P 0
L 6.595 1.09 6.595 1.1 0 P 0
L 6.595 1.1 6.605 1.1 0 P 0
L 6.595 1.12 6.595 1.13 0 P 0
L 6.595 1.12 6.605 1.12 0 P 0
L 6.595 2.535 6.595 2.545 0 P 0
L 6.595 2.545 6.605 2.545 0 P 0
L 6.595 2.565 6.595 2.575 0 P 0
L 6.595 2.565 6.605 2.565 0 P 0
L 6.605 1.1 6.605 1.12 0 P 0
L 6.605 2.545 6.605 2.565 0 P 0
L 6.64 5.475 6.64 5.5083226 0 P 0
L 6.64 5.5083226 6.6566613 5.5249838 0 P 0
L 6.6566613 5.5249838 6.6733226 5.5083226 0 P 0
L 6.6733226 5.475 6.6733226 5.4999919 0 P 0
L 6.6733226 5.4999919 6.64 5.4999919 0 P 0
L 6.6733226 5.5083226 6.6733226 5.475 0 P 0
L 6.705 4.3833306 6.7133306 4.375 0 P 0
L 6.705 4.4166532 6.705 4.3833306 0 P 0
L 6.705 5.075 6.715 5.075 0 P 0
L 6.705 5.075 6.715 5.085 0 P 0
L 6.705 5.095 6.715 5.085 0 P 0
L 6.705 5.095 6.715 5.095 0 P 0
L 6.7133306 4.375 6.7299919 4.375 0 P 0
L 6.7133306 4.4249838 6.705 4.4166532 0 P 0
L 6.715 5.075 6.725 5.065 0 P 0
L 6.715 5.095 6.725 5.105 0 P 0
L 6.725 5.065 6.735 5.075 0 P 0
L 6.725 5.105 6.735 5.095 0 P 0
L 6.7299919 4.375 6.7383226 4.3833306 0 P 0
L 6.7299919 4.4249838 6.7133306 4.4249838 0 P 0
L 6.735 5.075 6.745 5.075 0 P 0
L 6.735 5.085 6.745 5.075 0 P 0
L 6.735 5.085 6.745 5.095 0 P 0
L 6.735 5.095 6.745 5.095 0 P 0
L 6.7383226 4.4166532 6.7299919 4.4249838 0 P 0
L 6.805 5.075 6.815 5.075 0 P 0
L 6.805 5.075 6.815 5.085 0 P 0
L 6.805 5.095 6.815 5.085 0 P 0
L 6.805 5.095 6.815 5.095 0 P 0
L 6.815 5.075 6.825 5.065 0 P 0
L 6.815 5.095 6.825 5.105 0 P 0
L 6.825 5.065 6.835 5.075 0 P 0
L 6.825 5.105 6.835 5.095 0 P 0
L 6.835 5.075 6.845 5.075 0 P 0
L 6.835 5.085 6.845 5.075 0 P 0
L 6.835 5.085 6.845 5.095 0 P 0
L 6.835 5.095 6.845 5.095 0 P 0
L 6.84 5.475 6.84 5.5083226 0 P 0
L 6.84 5.5083226 6.8566613 5.5249838 0 P 0
L 6.8566613 5.5249838 6.8733226 5.5083226 0 P 0
L 6.8733226 5.475 6.8733226 5.4999919 0 P 0
L 6.8733226 5.4999919 6.84 5.4999919 0 P 0
L 6.8733226 5.5083226 6.8733226 5.475 0 P 0
L 6.905 5.075 6.915 5.075 0 P 0
L 6.905 5.075 6.915 5.085 0 P 0
L 6.905 5.095 6.915 5.085 0 P 0
L 6.905 5.095 6.915 5.095 0 P 0
L 6.915 5.075 6.925 5.065 0 P 0
L 6.915 5.095 6.925 5.105 0 P 0
L 6.925 5.065 6.935 5.075 0 P 0
L 6.925 5.105 6.935 5.095 0 P 0
L 6.935 5.075 6.945 5.075 0 P 0
L 6.935 5.085 6.945 5.075 0 P 0
L 6.935 5.085 6.945 5.095 0 P 0
L 6.935 5.095 6.945 5.095 0 P 0
L 6.985 4.34 6.995 4.36 0 P 0
L 6.985 4.34 7.005 4.35 0 P 0
L 6.985 4.38 6.995 4.36 0 P 0
L 6.985 4.38 7.005 4.37 0 P 0
L 7.005 4.35 7.025 4.34 0 P 0
L 7.005 4.37 7.025 4.38 0 P 0
L 7.0134252 2.775 7.0334252 2.755 0 P 0
L 7.0134252 2.775 7.0334252 2.795 0 P 0
L 7.015 4.36 7.025 4.34 0 P 0
L 7.015 4.36 7.025 4.38 0 P 0
L 7.0334252 2.755 7.0534252 2.775 0 P 0
L 7.0334252 2.795 7.0534252 2.775 0 P 0
L 7.04 5.475 7.04 5.5083226 0 P 0
L 7.04 5.5083226 7.0566613 5.5249838 0 P 0
L 7.0566613 5.5249838 7.0733226 5.5083226 0 P 0
L 7.0733226 5.475 7.0733226 5.4999919 0 P 0
L 7.0733226 5.4999919 7.04 5.4999919 0 P 0
L 7.0733226 5.5083226 7.0733226 5.475 0 P 0
L 7.1142126 2.775 7.1342126 2.755 0 P 0
L 7.1142126 2.775 7.1342126 2.795 0 P 0
L 7.13 4.56 7.14 4.58 0 P 0
L 7.13 4.56 7.15 4.57 0 P 0
L 7.13 4.6 7.14 4.58 0 P 0
L 7.13 4.6 7.15 4.59 0 P 0
L 7.13 5.06 7.14 5.08 0 P 0
L 7.13 5.06 7.15 5.07 0 P 0
L 7.13 5.1 7.14 5.08 0 P 0
L 7.13 5.1 7.15 5.09 0 P 0
L 7.1342126 2.755 7.1542126 2.775 0 P 0
L 7.1342126 2.795 7.1542126 2.775 0 P 0
L 7.15 4.57 7.17 4.56 0 P 0
L 7.15 4.59 7.17 4.6 0 P 0
L 7.15 5.07 7.17 5.06 0 P 0
L 7.15 5.09 7.17 5.1 0 P 0
L 7.16 4.58 7.17 4.56 0 P 0
L 7.16 4.58 7.17 4.6 0 P 0
L 7.16 5.08 7.17 5.06 0 P 0
L 7.16 5.08 7.17 5.1 0 P 0
L 7.215 2.775 7.235 2.755 0 P 0
L 7.215 2.775 7.235 2.795 0 P 0
L 7.235 2.755 7.255 2.775 0 P 0
L 7.235 2.795 7.255 2.775 0 P 0
L 7.265 5.475 7.265 5.5083226 0 P 0
L 7.265 5.5083226 7.2816613 5.5249838 0 P 0
L 7.2816613 5.5249838 7.2983226 5.5083226 0 P 0
L 7.2983226 5.475 7.2983226 5.4999919 0 P 0
L 7.2983226 5.4999919 7.265 5.4999919 0 P 0
L 7.2983226 5.5083226 7.2983226 5.475 0 P 0
L 7.32 4.56 7.33 4.58 0 P 0
L 7.32 4.56 7.34 4.57 0 P 0
L 7.32 4.6 7.33 4.58 0 P 0
L 7.32 4.6 7.34 4.59 0 P 0
L 7.32 5.06 7.33 5.08 0 P 0
L 7.32 5.06 7.34 5.07 0 P 0
L 7.32 5.1 7.33 5.08 0 P 0
L 7.32 5.1 7.34 5.09 0 P 0
L 7.34 4.57 7.36 4.56 0 P 0
L 7.34 4.59 7.36 4.6 0 P 0
L 7.34 5.07 7.36 5.06 0 P 0
L 7.34 5.09 7.36 5.1 0 P 0
L 7.35 4.58 7.36 4.56 0 P 0
L 7.35 4.58 7.36 4.6 0 P 0
L 7.35 5.08 7.36 5.06 0 P 0
L 7.35 5.08 7.36 5.1 0 P 0
L 7.465 5.475 7.465 5.5083226 0 P 0
L 7.465 5.5083226 7.4816613 5.5249838 0 P 0
L 7.4816613 5.5249838 7.4983226 5.5083226 0 P 0
L 7.485 4.34 7.495 4.36 0 P 0
L 7.485 4.34 7.505 4.35 0 P 0
L 7.485 4.38 7.495 4.36 0 P 0
L 7.485 4.38 7.505 4.37 0 P 0
L 7.4983226 5.475 7.4983226 5.4999919 0 P 0
L 7.4983226 5.4999919 7.465 5.4999919 0 P 0
L 7.4983226 5.5083226 7.4983226 5.475 0 P 0
L 7.505 4.35 7.525 4.34 0 P 0
L 7.505 4.37 7.525 4.38 0 P 0
L 7.515 4.36 7.525 4.34 0 P 0
L 7.515 4.36 7.525 4.38 0 P 0
L 7.515 4.56 7.525 4.58 0 P 0
L 7.515 4.56 7.535 4.57 0 P 0
L 7.515 4.6 7.525 4.58 0 P 0
L 7.515 4.6 7.535 4.59 0 P 0
L 7.515 5.06 7.525 5.08 0 P 0
L 7.515 5.06 7.535 5.07 0 P 0
L 7.515 5.1 7.525 5.08 0 P 0
L 7.515 5.1 7.535 5.09 0 P 0
L 7.535 4.57 7.555 4.56 0 P 0
L 7.535 4.59 7.555 4.6 0 P 0
L 7.535 5.07 7.555 5.06 0 P 0
L 7.535 5.09 7.555 5.1 0 P 0
L 7.545 4.58 7.555 4.56 0 P 0
L 7.545 4.58 7.555 4.6 0 P 0
L 7.545 5.08 7.555 5.06 0 P 0
L 7.545 5.08 7.555 5.1 0 P 0
L 7.62 1.1 7.62 1.12 0 P 0
L 7.62 1.1 7.63 1.1 0 P 0
L 7.62 1.12 7.63 1.12 0 P 0
L 7.62 2.545 7.62 2.565 0 P 0
L 7.62 2.545 7.63 2.545 0 P 0
L 7.62 2.565 7.63 2.565 0 P 0
L 7.63 1.09 7.63 1.1 0 P 0
L 7.63 1.09 7.65 1.09 0 P 0
L 7.63 1.12 7.63 1.13 0 P 0
L 7.63 1.13 7.65 1.13 0 P 0
L 7.63 2.535 7.63 2.545 0 P 0
L 7.63 2.535 7.65 2.535 0 P 0
L 7.63 2.565 7.63 2.575 0 P 0
L 7.63 2.575 7.65 2.575 0 P 0
L 7.65 1.09 7.65 1.1 0 P 0
L 7.65 1.1 7.66 1.1 0 P 0
L 7.65 1.12 7.65 1.13 0 P 0
L 7.65 1.12 7.66 1.12 0 P 0
L 7.65 2.535 7.65 2.545 0 P 0
L 7.65 2.545 7.66 2.545 0 P 0
L 7.65 2.565 7.65 2.575 0 P 0
L 7.65 2.565 7.66 2.565 0 P 0
L 7.66 1.1 7.66 1.12 0 P 0
L 7.66 2.545 7.66 2.565 0 P 0
L 7.665 5.475 7.665 5.5083226 0 P 0
L 7.665 5.5083226 7.6816613 5.5249838 0 P 0
L 7.6816613 5.5249838 7.6983226 5.5083226 0 P 0
L 7.6983226 5.475 7.6983226 5.4999919 0 P 0
L 7.6983226 5.4999919 7.665 5.4999919 0 P 0
L 7.6983226 5.5083226 7.6983226 5.475 0 P 0
L 7.865 1.12 7.865 1.14 0 P 0
L 7.865 1.12 7.875 1.12 0 P 0
L 7.865 1.14 7.875 1.14 0 P 0
L 7.875 1.11 7.875 1.12 0 P 0
L 7.875 1.11 7.895 1.11 0 P 0
L 7.875 1.14 7.875 1.15 0 P 0
L 7.875 1.15 7.895 1.15 0 P 0
L 7.885 5.595 7.885 5.615 0 P 0
L 7.885 5.595 7.895 5.595 0 P 0
L 7.885 5.615 7.895 5.615 0 P 0
L 7.895 1.11 7.895 1.12 0 P 0
L 7.895 1.12 7.905 1.12 0 P 0
L 7.895 1.14 7.895 1.15 0 P 0
L 7.895 1.14 7.905 1.14 0 P 0
L 7.895 5.585 7.895 5.595 0 P 0
L 7.895 5.585 7.915 5.585 0 P 0
L 7.895 5.615 7.895 5.625 0 P 0
L 7.895 5.625 7.915 5.625 0 P 0
L 7.905 1.12 7.905 1.14 0 P 0
L 7.915 5.585 7.915 5.595 0 P 0
L 7.915 5.595 7.925 5.595 0 P 0
L 7.915 5.615 7.915 5.625 0 P 0
L 7.915 5.615 7.925 5.615 0 P 0
L 7.925 5.595 7.925 5.615 0 P 0
