#Layer_Color=6321
#
#Feature symbol names
#
$0 r5

#
#Feature attribute names
#

#
#Layer features
#
L 1.01 3.23 1.07 3.23 0 P 0
L 1.015748 5.5984252 1.1338582 5.5984252 0 P 0
L 1.04 3.2 1.04 3.26 0 P 0
L 1.0452756 2.8267717 1.0964566 2.8267717 0 P 0
L 1.0470512 2.2125984 1.1340512 2.2125984 0 P 0
L 1.0489921 3.547244 1.0769921 3.547244 0 P 0
L 1.0629921 3.533244 1.0629921 3.561244 0 P 0
L 1.0708661 2.8011812 1.0708661 2.8523622 0 P 0
L 1.0748031 5.5393701 1.0748031 5.6574803 0 P 0
L 1.0844252 5.3818898 1.1124252 5.3818898 0 P 0
L 1.0905512 2.1690984 1.0905512 2.2560984 0 P 0
L 1.0984252 5.3678898 1.0984252 5.3958898 0 P 0
L 1.1062992 1.1259843 1.2244094 1.1259843 0 P 0
L 1.1062992 2.5354331 1.2244094 2.5354331 0 P 0
L 1.1119843 3.8346457 1.1399843 3.8346457 0 P 0
L 1.1259843 3.8206457 1.1259843 3.8486457 0 P 0
L 1.1552913 4.1141733 1.1832913 4.1141733 0 P 0
L 1.1633858 3.7519685 1.1988188 3.7519685 0 P 0
L 1.1633858 3.9251969 1.1988188 3.9251969 0 P 0
L 1.1653543 1.0669292 1.1653543 1.1850394 0 P 0
L 1.1653543 2.476378 1.1653543 2.5944882 0 P 0
L 1.1692913 4.1001733 1.1692913 4.1281733 0 P 0
L 1.171039 4.8149606 1.199039 4.8149606 0 P 0
L 1.171039 4.9645669 1.199039 4.9645669 0 P 0
L 1.171039 5.0393701 1.199039 5.0393701 0 P 0
L 1.1710394 5.1338583 1.1990394 5.1338583 0 P 0
L 1.1794882 3.08 1.2227952 3.08 0 P 0
L 1.1811023 3.734252 1.1811023 3.769685 0 P 0
L 1.1811023 3.9074804 1.1811023 3.9429134 0 P 0
L 1.185039 4.8009606 1.185039 4.8289606 0 P 0
L 1.185039 4.9505669 1.185039 4.9785669 0 P 0
L 1.185039 5.0253701 1.185039 5.0533701 0 P 0
L 1.1850394 5.1198583 1.1850394 5.1478583 0 P 0
L 1.2011417 3.0583465 1.2011417 3.1016535 0 P 0
L 1.2464175 3.08 1.2897245 3.08 0 P 0
L 1.2480262 2.2125984 1.2873962 2.2125984 0 P 0
L 1.2615905 4.6496063 1.2895905 4.6496063 0 P 0
L 1.2655276 4.1496063 1.2935276 4.1496063 0 P 0
L 1.2677112 2.1929134 1.2677112 2.2322834 0 P 0
L 1.268071 3.0583465 1.268071 3.1016535 0 P 0
L 1.2734016 3.5472441 1.3014016 3.5472441 0 P 0
L 1.2755905 4.6356063 1.2755905 4.6636063 0 P 0
L 1.2795276 4.1356063 1.2795276 4.1636063 0 P 0
L 1.2874016 3.5332441 1.2874016 3.5612441 0 P 0
L 1.3133465 3.08 1.3566535 3.08 0 P 0
L 1.335 3.0583465 1.335 3.1016535 0 P 0
L 1.3643862 2.0275984 1.4037562 2.0275984 0 P 0
L 1.3718268 3.7755905 1.3998268 3.7755905 0 P 0
L 1.3757638 3.9015748 1.4037638 3.9015748 0 P 0
L 1.3757638 5.3307087 1.4037638 5.3307087 0 P 0
L 1.3797008 4.9291339 1.4077008 4.9291339 0 P 0
L 1.3802755 3.08 1.4235825 3.08 0 P 0
L 1.381063 2.5590551 1.411063 2.5590551 0 P 0
L 1.3840712 2.0079134 1.3840712 2.0472834 0 P 0
L 1.3858268 3.7615905 1.3858268 3.7895905 0 P 0
L 1.3897638 3.8875748 1.3897638 3.9155748 0 P 0
L 1.3897638 5.3167087 1.3897638 5.3447087 0 P 0
L 1.3937008 4.9151339 1.3937008 4.9431339 0 P 0
L 1.396063 2.5440551 1.396063 2.5740551 0 P 0
L 1.401929 3.0583465 1.401929 3.1016535 0 P 0
L 1.4472048 3.08 1.4905118 3.08 0 P 0
L 1.4688583 3.0583465 1.4688583 3.1016535 0 P 0
L 1.481063 2.5590551 1.511063 2.5590551 0 P 0
L 1.4842519 1.3740157 1.5629921 1.3740157 0 P 0
L 1.4842519 1.7677165 1.5629921 1.7677165 0 P 0
L 1.4843862 2.2125984 1.5237562 2.2125984 0 P 0
L 1.496063 2.5440551 1.496063 2.5740551 0 P 0
L 1.5040712 2.1929134 1.5040712 2.2322834 0 P 0
L 1.5174961 4.8149606 1.5454961 4.8149606 0 P 0
L 1.523622 1.3346456 1.523622 1.4133858 0 P 0
L 1.523622 1.7283464 1.523622 1.8070866 0 P 0
L 1.5314961 4.8009606 1.5314961 4.8289606 0 P 0
L 1.6 3.23 1.66 3.23 0 P 0
L 1.63 3.2 1.63 3.26 0 P 0
L 1.6302756 2.8267717 1.6814566 2.8267717 0 P 0
L 1.6474173 3.6968504 1.6754173 3.6968504 0 P 0
L 1.6558661 2.8011812 1.6558661 2.8523622 0 P 0
L 1.6614173 3.6828504 1.6614173 3.7108504 0 P 0
L 1.6631654 4.8110236 1.6911654 4.8110236 0 P 0
L 1.6771654 4.7970236 1.6771654 4.8250236 0 P 0
L 1.7051417 2.1645669 1.7551417 2.1645669 0 P 0
L 1.7231417 2.3145669 1.8731417 2.3145669 0 P 0
L 1.7301417 2.1395669 1.7301417 2.1895669 0 P 0
L 1.7576535 4.8110236 1.7856535 4.8110236 0 P 0
L 1.7677165 3.8228346 1.7755905 3.8228346 0 P 0
L 1.7716535 3.8188976 1.7716535 3.8267716 0 P 0
L 1.7716535 4.7970236 1.7716535 4.8250236 0 P 0
L 1.7734016 5.3307087 1.8014016 5.3307087 0 P 0
L 1.7874016 5.3167087 1.7874016 5.3447087 0 P 0
L 1.7930866 5.1732283 1.8210866 5.1732283 0 P 0
L 1.7930866 5.2480315 1.8210866 5.2480315 0 P 0
L 1.7981417 2.2395669 1.7981417 2.3895669 0 P 0
L 1.8070866 5.1592283 1.8070866 5.1872283 0 P 0
L 1.8070866 5.2340315 1.8070866 5.2620315 0 P 0
L 1.8188976 1.3740157 1.8976378 1.3740157 0 P 0
L 1.8188976 1.7677165 1.8976378 1.7677165 0 P 0
L 1.8275197 3.4685039 1.8575197 3.4685039 0 P 0
L 1.8411417 2.4645669 1.8911417 2.4645669 0 P 0
L 1.8425197 3.4535039 1.8425197 3.4835039 0 P 0
L 1.8536417 3.2165354 1.8786417 3.2165354 0 P 0
L 1.8582677 1.3346456 1.8582677 1.4133858 0 P 0
L 1.8582677 1.7283464 1.8582677 1.8070866 0 P 0
L 1.8600157 3.6732283 1.8880157 3.6732283 0 P 0
L 1.8661417 2.4395669 1.8661417 2.4895669 0 P 0
L 1.8661417 3.2040354 1.8661417 3.2290354 0 P 0
L 1.8678898 3.9409449 1.8958898 3.9409449 0 P 0
L 1.8718268 4.0748031 1.8998268 4.0748031 0 P 0
L 1.8740157 3.6592283 1.8740157 3.6872283 0 P 0
L 1.8818898 3.9269449 1.8818898 3.9549449 0 P 0
L 1.8858268 4.0608031 1.8858268 4.0888031 0 P 0
L 1.8934803 5.027559 1.9214803 5.027559 0 P 0
L 1.8954488 4.8740157 1.9234488 4.8740157 0 P 0
L 1.8954488 5.3385827 1.9234488 5.3385827 0 P 0
L 1.9074803 5.013559 1.9074803 5.041559 0 P 0
L 1.9094488 4.8600157 1.9094488 4.8880157 0 P 0
L 1.9094488 5.3245827 1.9094488 5.3525827 0 P 0
L 1.9275197 3.4685039 1.9575197 3.4685039 0 P 0
L 1.9425197 3.4535039 1.9425197 3.4835039 0 P 0
L 1.9536417 3.2165354 1.9786417 3.2165354 0 P 0
L 1.9661417 3.2040354 1.9661417 3.2290354 0 P 0
L 2.0419291 1.456693 2.0919291 1.456693 0 P 0
L 2.0536417 3.2165354 2.0786417 3.2165354 0 P 0
L 2.0661417 3.2040354 2.0661417 3.2290354 0 P 0
L 2.0669291 1.431693 2.0669291 1.481693 0 P 0
L 2.0920472 2.0393701 2.1520472 2.0393701 0 P 0
L 2.0920472 2.5893701 2.1520472 2.5893701 0 P 0
L 2.1060787 5.3444882 2.1340787 5.3444882 0 P 0
L 2.1119842 4.7440945 2.1399842 4.7440945 0 P 0
L 2.1119842 4.8267716 2.1399842 4.8267716 0 P 0
L 2.1119842 4.9448819 2.1399842 4.9448819 0 P 0
L 2.1200787 5.3304882 2.1200787 5.3584882 0 P 0
L 2.1220472 2.0093701 2.1220472 2.0693701 0 P 0
L 2.1220472 2.5593701 2.1220472 2.6193701 0 P 0
L 2.1259842 4.7300945 2.1259842 4.7580945 0 P 0
L 2.1259842 4.8127716 2.1259842 4.8407716 0 P 0
L 2.1259842 4.9308819 2.1259842 4.9588819 0 P 0
L 2.1434803 4.5866142 2.1714803 4.5866142 0 P 0
L 2.1574803 4.5726142 2.1574803 4.6006142 0 P 0
L 2.16 1.165 2.21 1.165 0 P 0
L 2.1602363 1.673228 2.2035433 1.673228 0 P 0
L 2.1621654 4.1417323 2.1921654 4.1417323 0 P 0
L 2.1621654 4.3496063 2.1921654 4.3496063 0 P 0
L 2.1631654 5.4291339 2.1911654 5.4291339 0 P 0
L 2.1771654 4.1267323 2.1771654 4.1567323 0 P 0
L 2.1771654 4.3346063 2.1771654 4.3646063 0 P 0
L 2.1771654 5.4151339 2.1771654 5.4431339 0 P 0
L 2.1818898 1.6515745 2.1818898 1.6948815 0 P 0
L 2.185 1.14 2.185 1.19 0 P 0
L 2.2064724 5.5511811 2.2344724 5.5511811 0 P 0
L 2.2104094 4.9527559 2.2384094 4.9527559 0 P 0
L 2.2143465 5.6456693 2.2423465 5.6456693 0 P 0
L 2.2204724 5.5371811 2.2204724 5.5651811 0 P 0
L 2.2244094 4.9387559 2.2244094 4.9667559 0 P 0
L 2.2283465 5.6316693 2.2283465 5.6596693 0 P 0
L 2.2399567 4.6535433 2.2679567 4.6535433 0 P 0
L 2.2539567 4.6395433 2.2539567 4.6675433 0 P 0
L 2.2602363 1.673228 2.3035433 1.673228 0 P 0
L 2.2707245 4.3582677 2.2987245 4.3582677 0 P 0
L 2.271 4.745 2.299 4.745 0 P 0
L 2.2818898 1.6515745 2.2818898 1.6948815 0 P 0
L 2.2847245 4.3442677 2.2847245 4.3722677 0 P 0
L 2.285 4.731 2.285 4.759 0 P 0
L 2.291 4.02 2.319 4.02 0 P 0
L 2.291 4.195 2.319 4.195 0 P 0
L 2.301 4.28 2.329 4.28 0 P 0
L 2.305 4.006 2.305 4.034 0 P 0
L 2.305 4.181 2.305 4.209 0 P 0
L 2.311 2.01 2.339 2.01 0 P 0
L 2.311 5.41 2.339 5.41 0 P 0
L 2.3149607 2.8149606 2.3543307 2.8149606 0 P 0
L 2.3149607 3.011811 2.3543307 3.011811 0 P 0
L 2.315 4.266 2.315 4.294 0 P 0
L 2.325 1.996 2.325 2.024 0 P 0
L 2.325 5.396 2.325 5.424 0 P 0
L 2.33 2.295 2.36 2.295 0 P 0
L 2.3346457 2.7952756 2.3346457 2.8346456 0 P 0
L 2.3346457 2.992126 2.3346457 3.031496 0 P 0
L 2.345 2.28 2.345 2.31 0 P 0
L 2.346 4.38 2.374 4.38 0 P 0
L 2.36 1.165 2.41 1.165 0 P 0
L 2.36 4.366 2.36 4.394 0 P 0
L 2.3602363 1.673228 2.4035433 1.673228 0 P 0
L 2.366 4.75 2.394 4.75 0 P 0
L 2.38 4.736 2.38 4.764 0 P 0
L 2.3818898 1.6515745 2.3818898 1.6948815 0 P 0
L 2.385 1.14 2.385 1.19 0 P 0
L 2.3875748 3.9527559 2.4155748 3.9527559 0 P 0
L 2.401 4.435 2.429 4.435 0 P 0
L 2.4015748 3.9387559 2.4015748 3.9667559 0 P 0
L 2.4033228 4.9566929 2.4313228 4.9566929 0 P 0
L 2.411 2.005 2.439 2.005 0 P 0
L 2.415 4.421 2.415 4.449 0 P 0
L 2.4173228 4.9426929 2.4173228 4.9706929 0 P 0
L 2.425 1.991 2.425 2.019 0 P 0
L 2.4348189 4.6692913 2.4628189 4.6692913 0 P 0
L 2.4419291 1.456693 2.4919291 1.456693 0 P 0
L 2.4488189 4.6552913 2.4488189 4.6832913 0 P 0
L 2.4552078 5.385 2.4832078 5.385 0 P 0
L 2.4669291 1.431693 2.4669291 1.481693 0 P 0
L 2.4692078 5.371 2.4692078 5.399 0 P 0
L 2.481 4.435 2.509 4.435 0 P 0
L 2.493874 5.0590551 2.521874 5.0590551 0 P 0
L 2.495 4.421 2.495 4.449 0 P 0
L 2.507874 5.0450551 2.507874 5.0730551 0 P 0
L 2.536 4.145 2.564 4.145 0 P 0
L 2.546 4.625 2.574 4.625 0 P 0
L 2.5464567 3.7283465 2.5858267 3.7283465 0 P 0
L 2.5472441 3.8582677 2.5866141 3.8582677 0 P 0
L 2.55 4.131 2.55 4.159 0 P 0
L 2.56 4.611 2.56 4.639 0 P 0
L 2.5616142 1.456693 2.6116142 1.456693 0 P 0
L 2.5661417 3.7086615 2.5661417 3.7480315 0 P 0
L 2.5669291 3.8385827 2.5669291 3.8779527 0 P 0
L 2.576 4.27 2.604 4.27 0 P 0
L 2.5866142 1.431693 2.5866142 1.481693 0 P 0
L 2.59 4.256 2.59 4.284 0 P 0
L 2.6119842 5.3661417 2.6399842 5.3661417 0 P 0
L 2.6259842 5.3521417 2.6259842 5.3801417 0 P 0
L 2.6434803 4.6220472 2.6714803 4.6220472 0 P 0
L 2.6472441 3.7283465 2.6866141 3.7283465 0 P 0
L 2.6480315 3.8582677 2.6874015 3.8582677 0 P 0
L 2.6574803 4.6080472 2.6574803 4.6360472 0 P 0
L 2.6578742 1.673228 2.7011812 1.673228 0 P 0
L 2.66 1.165 2.71 1.165 0 P 0
L 2.6669291 3.7086615 2.6669291 3.7480315 0 P 0
L 2.6677165 3.8385827 2.6677165 3.8779527 0 P 0
L 2.6795277 1.6515745 2.6795277 1.6948815 0 P 0
L 2.685 1.14 2.685 1.19 0 P 0
L 2.721 4.005 2.749 4.005 0 P 0
L 2.735 3.991 2.735 4.019 0 P 0
L 2.7480315 3.7283465 2.7874015 3.7283465 0 P 0
L 2.7488189 3.8582677 2.7881889 3.8582677 0 P 0
L 2.7578742 1.673228 2.8011812 1.673228 0 P 0
L 2.766 3.95 2.794 3.95 0 P 0
L 2.7677165 3.7086615 2.7677165 3.7480315 0 P 0
L 2.7685039 3.8385827 2.7685039 3.8779527 0 P 0
L 2.7795277 1.6515745 2.7795277 1.6948815 0 P 0
L 2.78 3.936 2.78 3.964 0 P 0
L 2.7852126 4.7283465 2.8132126 4.7283465 0 P 0
L 2.786 2.01 2.814 2.01 0 P 0
L 2.7930866 4.9015748 2.8210866 4.9015748 0 P 0
L 2.7992126 4.7143465 2.7992126 4.7423465 0 P 0
L 2.8 1.996 2.8 2.024 0 P 0
L 2.8070866 4.8875748 2.8070866 4.9155748 0 P 0
L 2.8383465 4.045 2.8816535 4.045 0 P 0
L 2.8383465 4.145 2.8816535 4.145 0 P 0
L 2.8383465 4.245 2.8816535 4.245 0 P 0
L 2.840315 4.465 2.879685 4.465 0 P 0
L 2.840315 4.565 2.879685 4.565 0 P 0
L 2.8578742 1.673228 2.9011812 1.673228 0 P 0
L 2.86 1.165 2.91 1.165 0 P 0
L 2.86 4.0233465 2.86 4.0666535 0 P 0
L 2.86 4.1233465 2.86 4.1666535 0 P 0
L 2.86 4.2233465 2.86 4.2666535 0 P 0
L 2.86 4.445315 2.86 4.484685 0 P 0
L 2.86 4.545315 2.86 4.584685 0 P 0
L 2.866 5.47 2.894 5.47 0 P 0
L 2.876 5.375 2.904 5.375 0 P 0
L 2.8795277 1.6515745 2.8795277 1.6948815 0 P 0
L 2.88 5.456 2.88 5.484 0 P 0
L 2.885 1.14 2.885 1.19 0 P 0
L 2.886 2 2.914 2 0 P 0
L 2.89 5.361 2.89 5.389 0 P 0
L 2.9 1.986 2.9 2.014 0 P 0
L 2.905315 2.78 2.944685 2.78 0 P 0
L 2.905315 2.88 2.944685 2.88 0 P 0
L 2.905315 2.98 2.944685 2.98 0 P 0
L 2.905315 3.08 2.944685 3.08 0 P 0
L 2.925 2.760315 2.925 2.799685 0 P 0
L 2.925 2.860315 2.925 2.899685 0 P 0
L 2.925 2.960315 2.925 2.999685 0 P 0
L 2.925 3.060315 2.925 3.099685 0 P 0
L 2.9383465 4.045 2.9816535 4.045 0 P 0
L 2.9383465 4.145 2.9816535 4.145 0 P 0
L 2.9383465 4.245 2.9816535 4.245 0 P 0
L 2.940315 4.465 2.979685 4.465 0 P 0
L 2.940315 4.565 2.979685 4.565 0 P 0
L 2.9426929 5.4212598 2.9706929 5.4212598 0 P 0
L 2.9566929 5.4072598 2.9566929 5.4352598 0 P 0
L 2.96 4.0233465 2.96 4.0666535 0 P 0
L 2.96 4.1233465 2.96 4.1666535 0 P 0
L 2.96 4.2233465 2.96 4.2666535 0 P 0
L 2.96 4.445315 2.96 4.484685 0 P 0
L 2.96 4.545315 2.96 4.584685 0 P 0
L 2.9616142 1.456693 3.0116142 1.456693 0 P 0
L 2.9701417 5.2519685 3.0061417 5.2519685 0 P 0
L 2.9859999 5.5826772 3.0139999 5.5826772 0 P 0
L 2.9866142 1.431693 2.9866142 1.481693 0 P 0
L 2.9881417 5.2339685 2.9881417 5.2699685 0 P 0
L 2.997811 4.8858268 3.025811 4.8858268 0 P 0
L 2.9999999 5.5686772 2.9999999 5.5966772 0 P 0
L 3.011811 4.8718268 3.011811 4.8998268 0 P 0
L 3.035315 2.78 3.074685 2.78 0 P 0
L 3.035315 2.88 3.074685 2.88 0 P 0
L 3.035315 2.98 3.074685 2.98 0 P 0
L 3.035315 3.08 3.074685 3.08 0 P 0
L 3.055 2.760315 3.055 2.799685 0 P 0
L 3.055 2.860315 3.055 2.899685 0 P 0
L 3.055 2.960315 3.055 2.999685 0 P 0
L 3.055 3.060315 3.055 3.099685 0 P 0
L 3.0686772 5.4251968 3.0966772 5.4251968 0 P 0
L 3.0765512 4.507874 3.1045512 4.507874 0 P 0
L 3.081 5.115 3.109 5.115 0 P 0
L 3.0812992 1.456693 3.1312992 1.456693 0 P 0
L 3.0826772 5.4111968 3.0826772 5.4391968 0 P 0
L 3.0905512 4.493874 3.0905512 4.521874 0 P 0
L 3.095 5.101 3.095 5.129 0 P 0
L 3.1062992 1.431693 3.1062992 1.481693 0 P 0
L 3.1316693 4.2086614 3.1596693 4.2086614 0 P 0
L 3.1371251 5.27 3.1651251 5.27 0 P 0
L 3.1414173 5.5551181 3.1814173 5.5551181 0 P 0
L 3.1456693 4.1946614 3.1456693 4.2226614 0 P 0
L 3.1474173 4.8307087 3.1754173 4.8307087 0 P 0
L 3.1511251 5.256 3.1511251 5.284 0 P 0
L 3.1513543 5.4133858 3.1793543 5.4133858 0 P 0
L 3.1521654 1.1653543 3.2021654 1.1653543 0 P 0
L 3.1594489 1.673228 3.2027559 1.673228 0 P 0
L 3.1614173 4.8167087 3.1614173 4.8447087 0 P 0
L 3.1614173 5.5351181 3.1614173 5.5751181 0 P 0
L 3.1653543 5.3993858 3.1653543 5.4273858 0 P 0
L 3.1653544 2.7787402 3.2047244 2.7787402 0 P 0
L 3.1653544 2.8787402 3.2047244 2.8787402 0 P 0
L 3.1653544 2.9787402 3.2047244 2.9787402 0 P 0
L 3.1653544 3.0787402 3.2047244 3.0787402 0 P 0
L 3.1771654 1.1403543 3.1771654 1.1903543 0 P 0
L 3.1811024 1.6515745 3.1811024 1.6948815 0 P 0
L 3.1850394 2.7590552 3.1850394 2.7984252 0 P 0
L 3.1850394 2.8590552 3.1850394 2.8984252 0 P 0
L 3.1850394 2.9590552 3.1850394 2.9984252 0 P 0
L 3.1850394 3.0590552 3.1850394 3.0984252 0 P 0
L 3.2023228 3.7393701 3.2323228 3.7393701 0 P 0
L 3.2023228 4.0393701 3.2323228 4.0393701 0 P 0
L 3.2173228 3.7243701 3.2173228 3.7543701 0 P 0
L 3.2173228 4.0243701 3.2173228 4.0543701 0 P 0
L 3.2260945 5.2519685 3.2620945 5.2519685 0 P 0
L 3.2398425 5.5551181 3.2798425 5.5551181 0 P 0
L 3.2440945 5.2339685 3.2440945 5.2699685 0 P 0
L 3.2576535 4.8779528 3.2856535 4.8779528 0 P 0
L 3.2594489 1.673228 3.3027559 1.673228 0 P 0
L 3.2598425 5.5351181 3.2598425 5.5751181 0 P 0
L 3.261 2.01 3.289 2.01 0 P 0
L 3.2716535 4.8639528 3.2716535 4.8919528 0 P 0
L 3.275 1.996 3.275 2.024 0 P 0
L 3.2811024 1.6515745 3.2811024 1.6948815 0 P 0
L 3.2952756 2.77874 3.3346456 2.77874 0 P 0
L 3.2952756 2.87874 3.3346456 2.87874 0 P 0
L 3.2952756 2.97874 3.3346456 2.97874 0 P 0
L 3.2952756 3.07874 3.3346456 3.07874 0 P 0
L 3.3023228 3.7393701 3.3323228 3.7393701 0 P 0
L 3.3023228 4.0393701 3.3323228 4.0393701 0 P 0
L 3.3149606 2.759055 3.3149606 2.798425 0 P 0
L 3.3149606 2.859055 3.3149606 2.898425 0 P 0
L 3.3149606 2.959055 3.3149606 2.998425 0 P 0
L 3.3149606 3.059055 3.3149606 3.098425 0 P 0
L 3.3173228 3.7243701 3.3173228 3.7543701 0 P 0
L 3.3173228 4.0243701 3.3173228 4.0543701 0 P 0
L 3.3382677 5.5551181 3.3782677 5.5551181 0 P 0
L 3.3403307 4.8149606 3.3683307 4.8149606 0 P 0
L 3.3521654 1.1653543 3.4021654 1.1653543 0 P 0
L 3.3543307 4.8009606 3.3543307 4.8289606 0 P 0
L 3.3582677 5.5351181 3.3582677 5.5751181 0 P 0
L 3.3594489 1.673228 3.4027559 1.673228 0 P 0
L 3.361 2 3.389 2 0 P 0
L 3.375 1.986 3.375 2.014 0 P 0
L 3.3771654 1.1403543 3.3771654 1.1903543 0 P 0
L 3.3811024 1.6515745 3.3811024 1.6948815 0 P 0
L 3.3993858 5.3503937 3.4273858 5.3503937 0 P 0
L 3.401 5.255 3.429 5.255 0 P 0
L 3.4023228 3.7393701 3.4323228 3.7393701 0 P 0
L 3.4023228 4.0393701 3.4323228 4.0393701 0 P 0
L 3.4133858 5.3363937 3.4133858 5.3643937 0 P 0
L 3.415 5.241 3.415 5.269 0 P 0
L 3.4173228 3.7243701 3.4173228 3.7543701 0 P 0
L 3.4173228 4.0243701 3.4173228 4.0543701 0 P 0
L 3.4209449 4.8858268 3.4609449 4.8858268 0 P 0
L 3.425315 2.77874 3.464685 2.77874 0 P 0
L 3.425315 2.87874 3.464685 2.87874 0 P 0
L 3.425315 2.97874 3.464685 2.97874 0 P 0
L 3.425315 3.07874 3.464685 3.07874 0 P 0
L 3.4409449 4.8658268 3.4409449 4.9058268 0 P 0
L 3.445 2.759055 3.445 2.798425 0 P 0
L 3.445 2.859055 3.445 2.898425 0 P 0
L 3.445 2.959055 3.445 2.998425 0 P 0
L 3.445 3.059055 3.445 3.098425 0 P 0
L 3.461 4.405 3.489 4.405 0 P 0
L 3.470252 5.0866142 3.498252 5.0866142 0 P 0
L 3.471 5.16 3.499 5.16 0 P 0
L 3.475 4.391 3.475 4.419 0 P 0
L 3.4812992 1.456693 3.5312992 1.456693 0 P 0
L 3.484252 5.0726142 3.484252 5.1006142 0 P 0
L 3.485 5.146 3.485 5.174 0 P 0
L 3.5023228 3.7393701 3.5323228 3.7393701 0 P 0
L 3.5023228 4.0393701 3.5323228 4.0393701 0 P 0
L 3.5062992 1.431693 3.5062992 1.481693 0 P 0
L 3.5173228 3.7243701 3.5173228 3.7543701 0 P 0
L 3.5173228 4.0243701 3.5173228 4.0543701 0 P 0
L 3.5193701 4.8858268 3.5593701 4.8858268 0 P 0
L 3.5393701 4.8658268 3.5393701 4.9058268 0 P 0
L 3.5608031 4.1377953 3.5888031 4.1377953 0 P 0
L 3.5748031 4.1237953 3.5748031 4.1517953 0 P 0
L 3.6009842 1.456693 3.6509842 1.456693 0 P 0
L 3.615315 5.575 3.654685 5.575 0 P 0
L 3.6177953 4.8858268 3.6577953 4.8858268 0 P 0
L 3.620315 5.345 3.659685 5.345 0 P 0
L 3.622441 5.1338583 3.657874 5.1338583 0 P 0
L 3.6259842 1.431693 3.6259842 1.481693 0 P 0
L 3.635 5.555315 3.635 5.594685 0 P 0
L 3.6377953 4.8658268 3.6377953 4.9058268 0 P 0
L 3.64 5.325315 3.64 5.364685 0 P 0
L 3.6401575 5.1161418 3.6401575 5.1515748 0 P 0
L 3.6442913 1.1653543 3.6942913 1.1653543 0 P 0
L 3.6515748 1.673228 3.6948818 1.673228 0 P 0
L 3.6692913 1.1403543 3.6692913 1.1903543 0 P 0
L 3.6732283 1.6515745 3.6732283 1.6948815 0 P 0
L 3.715315 5.575 3.754685 5.575 0 P 0
L 3.720315 5.345 3.759685 5.345 0 P 0
L 3.722441 5.1338583 3.757874 5.1338583 0 P 0
L 3.7340315 4.7244094 3.7620315 4.7244094 0 P 0
L 3.735 5.555315 3.735 5.594685 0 P 0
L 3.736 2.01 3.764 2.01 0 P 0
L 3.74 5.325315 3.74 5.364685 0 P 0
L 3.7401575 5.1161418 3.7401575 5.1515748 0 P 0
L 3.7480315 4.7104094 3.7480315 4.7384094 0 P 0
L 3.75 1.996 3.75 2.024 0 P 0
L 3.7515748 1.673228 3.7948818 1.673228 0 P 0
L 3.7732283 1.6515745 3.7732283 1.6948815 0 P 0
L 3.7852126 4.2401575 3.8132126 4.2401575 0 P 0
L 3.791 4.53 3.819 4.53 0 P 0
L 3.7992126 4.2261575 3.7992126 4.2541575 0 P 0
L 3.805 4.516 3.805 4.544 0 P 0
L 3.815315 5.575 3.854685 5.575 0 P 0
L 3.820315 5.345 3.859685 5.345 0 P 0
L 3.835 5.555315 3.835 5.594685 0 P 0
L 3.8384596 2.0008884 3.8664596 2.0008884 0 P 0
L 3.84 5.325315 3.84 5.364685 0 P 0
L 3.8442913 1.1653543 3.8942913 1.1653543 0 P 0
L 3.8515748 1.673228 3.8948818 1.673228 0 P 0
L 3.8524596 1.9868884 3.8524596 2.0148884 0 P 0
L 3.856 4.435 3.884 4.435 0 P 0
L 3.8692913 1.1403543 3.8692913 1.1903543 0 P 0
L 3.87 4.421 3.87 4.449 0 P 0
L 3.8732283 1.6515745 3.8732283 1.6948815 0 P 0
L 3.881 4.525 3.909 4.525 0 P 0
L 3.895 4.511 3.895 4.539 0 P 0
L 3.915315 5.575 3.954685 5.575 0 P 0
L 3.920315 5.345 3.959685 5.345 0 P 0
L 3.9230079 5.1968504 3.9510079 5.1968504 0 P 0
L 3.935 5.555315 3.935 5.594685 0 P 0
L 3.9370079 5.1828504 3.9370079 5.2108504 0 P 0
L 3.94 5.325315 3.94 5.364685 0 P 0
L 4.0009842 1.456693 4.0509842 1.456693 0 P 0
L 4.0135591 4.8307087 4.0415591 4.8307087 0 P 0
L 4.0214331 4.7519685 4.0494331 4.7519685 0 P 0
L 4.0259842 1.431693 4.0259842 1.481693 0 P 0
L 4.0275591 4.8167087 4.0275591 4.8447087 0 P 0
L 4.0354331 4.7379685 4.0354331 4.7659685 0 P 0
L 4.0728347 5.3464567 4.1082677 5.3464567 0 P 0
L 4.0903307 4.9212598 4.1183307 4.9212598 0 P 0
L 4.0905512 5.3287402 4.0905512 5.3641732 0 P 0
L 4.100315 5.575 4.139685 5.575 0 P 0
L 4.1043307 4.9072598 4.1043307 4.9352598 0 P 0
L 4.1079842 3.0937008 4.1439842 3.0937008 0 P 0
L 4.1079842 3.1937008 4.1439842 3.1937008 0 P 0
L 4.1079842 3.2937008 4.1439842 3.2937008 0 P 0
L 4.1079842 3.3937008 4.1439842 3.3937008 0 P 0
L 4.1079842 3.4937008 4.1439842 3.4937008 0 P 0
L 4.1079842 3.5937008 4.1439842 3.5937008 0 P 0
L 4.1079842 3.6937008 4.1439842 3.6937008 0 P 0
L 4.1079842 3.7937008 4.1439842 3.7937008 0 P 0
L 4.1079842 3.8937008 4.1439842 3.8937008 0 P 0
L 4.12 5.555315 4.12 5.594685 0 P 0
L 4.1206693 1.456693 4.1706693 1.456693 0 P 0
L 4.1259842 3.0757008 4.1259842 3.1117008 0 P 0
L 4.1259842 3.1757008 4.1259842 3.2117008 0 P 0
L 4.1259842 3.2757008 4.1259842 3.3117008 0 P 0
L 4.1259842 3.3757008 4.1259842 3.4117008 0 P 0
L 4.1259842 3.4757008 4.1259842 3.5117008 0 P 0
L 4.1259842 3.5757008 4.1259842 3.6117008 0 P 0
L 4.1259842 3.6757008 4.1259842 3.7117008 0 P 0
L 4.1259842 3.7757008 4.1259842 3.8117008 0 P 0
L 4.1259842 3.8757008 4.1259842 3.9117008 0 P 0
L 4.1356063 4.2165354 4.1636063 4.2165354 0 P 0
L 4.1364173 1.1653543 4.1864173 1.1653543 0 P 0
L 4.1437008 1.673228 4.1870078 1.673228 0 P 0
L 4.1456693 1.431693 4.1456693 1.481693 0 P 0
L 4.1496063 4.2025354 4.1496063 4.2305354 0 P 0
L 4.1552913 4.8740157 4.1832913 4.8740157 0 P 0
L 4.1614173 1.1403543 4.1614173 1.1903543 0 P 0
L 4.1653543 1.6515745 4.1653543 1.6948815 0 P 0
L 4.1692913 4.8600157 4.1692913 4.8880157 0 P 0
L 4.1728347 5.3464567 4.2082677 5.3464567 0 P 0
L 4.1905512 5.3287402 4.1905512 5.3641732 0 P 0
L 4.1907244 4.988189 4.2187244 4.988189 0 P 0
L 4.2011024 5.575 4.2404724 5.575 0 P 0
L 4.2047244 4.974189 4.2047244 5.002189 0 P 0
L 4.211 2.01 4.239 2.01 0 P 0
L 4.2207874 5.555315 4.2207874 5.594685 0 P 0
L 4.225 1.996 4.225 2.024 0 P 0
L 4.2300945 3.0708661 4.2580945 3.0708661 0 P 0
L 4.2300945 3.1456693 4.2580945 3.1456693 0 P 0
L 4.2379685 3.2874016 4.2659685 3.2874016 0 P 0
L 4.2437008 1.673228 4.2870078 1.673228 0 P 0
L 4.2440945 3.0568661 4.2440945 3.0848661 0 P 0
L 4.2440945 3.1316693 4.2440945 3.1596693 0 P 0
L 4.2470472 4.6948818 4.2962598 4.6948818 0 P 0
L 4.2519685 3.2734016 4.2519685 3.3014016 0 P 0
L 4.2519685 4.4015748 4.2913385 4.4015748 0 P 0
L 4.2576535 5.0344488 4.2856535 5.0344488 0 P 0
L 4.2653543 1.6515745 4.2653543 1.6948815 0 P 0
L 4.2716535 4.3818898 4.2716535 4.4212598 0 P 0
L 4.2716535 4.6702755 4.2716535 4.7194881 0 P 0
L 4.2716535 5.0204488 4.2716535 5.0484488 0 P 0
L 4.2930866 2.9094488 4.3210866 2.9094488 0 P 0
L 4.3018898 5.575 4.3412598 5.575 0 P 0
L 4.3070866 2.8954488 4.3070866 2.9234488 0 P 0
L 4.31496 2.000042 4.34296 2.000042 0 P 0
L 4.3215748 5.555315 4.3215748 5.594685 0 P 0
L 4.3222835 5.345 4.3577165 5.345 0 P 0
L 4.32896 1.986042 4.32896 2.014042 0 P 0
L 4.3363937 5.0433071 4.3643937 5.0433071 0 P 0
L 4.3364173 1.1653543 4.3864173 1.1653543 0 P 0
L 4.34 5.3272835 4.34 5.3627165 0 P 0
L 4.3437008 1.673228 4.3870078 1.673228 0 P 0
L 4.3503937 5.0293071 4.3503937 5.0573071 0 P 0
L 4.3614173 1.1403543 4.3614173 1.1903543 0 P 0
L 4.3653543 1.6515745 4.3653543 1.6948815 0 P 0
L 4.4151339 5.0433071 4.4431339 5.0433071 0 P 0
L 4.4222835 5.345 4.4577165 5.345 0 P 0
L 4.4291339 5.0293071 4.4291339 5.0573071 0 P 0
L 4.44 5.3272835 4.44 5.3627165 0 P 0
L 4.5206693 1.456693 4.5706693 1.456693 0 P 0
L 4.5456693 1.431693 4.5456693 1.481693 0 P 0
L 4.5755906 2.2755905 4.6149606 2.2755905 0 P 0
L 4.5755906 2.3976378 4.6149606 2.3976378 0 P 0
L 4.5755906 2.519685 4.6149606 2.519685 0 P 0
L 4.5952756 2.2559055 4.5952756 2.2952755 0 P 0
L 4.5952756 2.3779528 4.5952756 2.4173228 0 P 0
L 4.5952756 2.5 4.5952756 2.53937 0 P 0
L 4.6285433 1.1574803 4.6785433 1.1574803 0 P 0
L 4.6358268 1.673228 4.6791338 1.673228 0 P 0
L 4.6403543 1.456693 4.6903543 1.456693 0 P 0
L 4.6535433 1.1324803 4.6535433 1.1824803 0 P 0
L 4.6574803 1.6515745 4.6574803 1.6948815 0 P 0
L 4.6653543 1.431693 4.6653543 1.481693 0 P 0
L 4.6755906 2.2755905 4.7149606 2.2755905 0 P 0
L 4.6755906 2.3976378 4.7149606 2.3976378 0 P 0
L 4.6755906 2.519685 4.7149606 2.519685 0 P 0
L 4.686 2.01 4.714 2.01 0 P 0
L 4.6952756 2.2559055 4.6952756 2.2952755 0 P 0
L 4.6952756 2.3779528 4.6952756 2.4173228 0 P 0
L 4.6952756 2.5 4.6952756 2.53937 0 P 0
L 4.7 1.996 4.7 2.024 0 P 0
L 4.7358268 1.673228 4.7791338 1.673228 0 P 0
L 4.7574803 1.6515745 4.7574803 1.6948815 0 P 0
L 4.7755906 2.2755905 4.8149606 2.2755905 0 P 0
L 4.7755906 2.3976378 4.8149606 2.3976378 0 P 0
L 4.7755906 2.519685 4.8149606 2.519685 0 P 0
L 4.7889216 1.9983492 4.8169216 1.9983492 0 P 0
L 4.7952756 2.2559055 4.7952756 2.2952755 0 P 0
L 4.7952756 2.3779528 4.7952756 2.4173228 0 P 0
L 4.7952756 2.5 4.7952756 2.53937 0 P 0
L 4.8029216 1.9843492 4.8029216 2.0123492 0 P 0
L 4.8285433 1.1574803 4.8785433 1.1574803 0 P 0
L 4.8358268 1.673228 4.8791338 1.673228 0 P 0
L 4.8535433 1.1324803 4.8535433 1.1824803 0 P 0
L 4.8574803 1.6515745 4.8574803 1.6948815 0 P 0
L 4.8755906 2.2755905 4.9149606 2.2755905 0 P 0
L 4.8755906 2.3976378 4.9149606 2.3976378 0 P 0
L 4.8755906 2.519685 4.9149606 2.519685 0 P 0
L 4.8915118 3.019685 4.9195118 3.019685 0 P 0
L 4.8952756 2.2559055 4.8952756 2.2952755 0 P 0
L 4.8952756 2.3779528 4.8952756 2.4173228 0 P 0
L 4.8952756 2.5 4.8952756 2.53937 0 P 0
L 4.9055118 3.005685 4.9055118 3.033685 0 P 0
L 5.0403543 1.456693 5.0903543 1.456693 0 P 0
L 5.0449212 2.7673228 5.0749212 2.7673228 0 P 0
L 5.0449212 3.0673228 5.0749212 3.0673228 0 P 0
L 5.0599212 2.7523228 5.0599212 2.7823228 0 P 0
L 5.0599212 3.0523228 5.0599212 3.0823228 0 P 0
L 5.0653543 1.431693 5.0653543 1.481693 0 P 0
L 5.0909449 1.11 5.2090551 1.11 0 P 0
L 5.0909449 2.555 5.2090551 2.555 0 P 0
L 5.1351063 3.988189 5.1641063 3.988189 0 P 0
L 5.1351063 4.388189 5.1641063 4.388189 0 P 0
L 5.1449212 2.7673228 5.1749212 2.7673228 0 P 0
L 5.1449212 3.0673228 5.1749212 3.0673228 0 P 0
L 5.1496063 3.973689 5.1496063 4.002689 0 P 0
L 5.1496063 4.373689 5.1496063 4.402689 0 P 0
L 5.15 1.0509449 5.15 1.1690551 0 P 0
L 5.15 2.4959449 5.15 2.6140551 0 P 0
L 5.1599212 2.7523228 5.1599212 2.7823228 0 P 0
L 5.1599212 3.0523228 5.1599212 3.0823228 0 P 0
L 5.1761024 4.9242519 5.2942126 4.9242519 0 P 0
L 5.2351575 4.8651968 5.2351575 4.983307 0 P 0
L 5.2449212 2.7673228 5.2749212 2.7673228 0 P 0
L 5.2449212 3.0673228 5.2749212 3.0673228 0 P 0
L 5.2599212 2.7523228 5.2599212 2.7823228 0 P 0
L 5.2599212 3.0523228 5.2599212 3.0823228 0 P 0
L 5.3449212 2.7673228 5.3749212 2.7673228 0 P 0
L 5.3449212 3.0673228 5.3749212 3.0673228 0 P 0
L 5.3599212 2.7523228 5.3599212 2.7823228 0 P 0
L 5.3599212 3.0523228 5.3599212 3.0823228 0 P 0
L 5.4190709 3.996063 5.4470709 3.996063 0 P 0
L 5.4330709 3.982063 5.4330709 4.010063 0 P 0
L 5.460315 3.0669291 5.500315 3.0669291 0 P 0
L 5.478504 4.7642519 5.521811 4.7642519 0 P 0
L 5.480315 3.0469291 5.480315 3.0869291 0 P 0
L 5.5001575 4.7425984 5.5001575 4.7859054 0 P 0
L 5.5287402 2.7775 5.5681102 2.7775 0 P 0
L 5.5484252 2.757815 5.5484252 2.797185 0 P 0
L 5.5587402 3.0669291 5.5987402 3.0669291 0 P 0
L 5.578504 4.7642519 5.621811 4.7642519 0 P 0
L 5.5787402 3.0469291 5.5787402 3.0869291 0 P 0
L 5.6001575 4.7425984 5.6001575 4.7859054 0 P 0
L 5.6295276 2.7775 5.6688976 2.7775 0 P 0
L 5.6366142 5.4724409 5.6956692 5.4724409 0 P 0
L 5.6492126 2.757815 5.6492126 2.797185 0 P 0
L 5.6571654 3.0669291 5.6971654 3.0669291 0 P 0
L 5.6661417 5.4429134 5.6661417 5.5019684 0 P 0
L 5.6771654 3.0469291 5.6771654 3.0869291 0 P 0
L 5.678504 4.7642519 5.721811 4.7642519 0 P 0
L 5.7001575 4.7425984 5.7001575 4.7859054 0 P 0
L 5.7258661 4.0103149 5.7658661 4.0103149 0 P 0
L 5.7258661 4.5103149 5.7658661 4.5103149 0 P 0
L 5.730315 2.7775 5.769685 2.7775 0 P 0
L 5.7458661 3.9903149 5.7458661 4.0303149 0 P 0
L 5.7458661 4.4903149 5.7458661 4.5303149 0 P 0
L 5.75 2.757815 5.75 2.797185 0 P 0
L 5.8366142 5.4724409 5.8956692 5.4724409 0 P 0
L 5.8606693 3.7716535 5.9787795 3.7716535 0 P 0
L 5.8661417 5.4429134 5.8661417 5.5019684 0 P 0
L 5.9061024 4.9242519 6.0242126 4.9242519 0 P 0
L 5.9197244 3.7125984 5.9197244 3.8307086 0 P 0
L 5.9308661 4.0103149 5.9708661 4.0103149 0 P 0
L 5.9308661 4.5103149 5.9708661 4.5103149 0 P 0
L 5.9508661 3.9903149 5.9508661 4.0303149 0 P 0
L 5.9508661 4.4903149 5.9508661 4.5303149 0 P 0
L 5.9651575 4.8651968 5.9651575 4.983307 0 P 0
L 6.0366142 5.4724409 6.0956692 5.4724409 0 P 0
L 6.0505354 3.2019685 6.0825354 3.2019685 0 P 0
L 6.0505354 3.3019685 6.0825354 3.3019685 0 P 0
L 6.0661417 5.4429134 6.0661417 5.5019684 0 P 0
L 6.0665354 3.1859685 6.0665354 3.2179685 0 P 0
L 6.0665354 3.2859685 6.0665354 3.3179685 0 P 0
L 6.1063661 3.9853149 6.1353661 3.9853149 0 P 0
L 6.1063661 4.3853149 6.1353661 4.3853149 0 P 0
L 6.1208661 3.9708149 6.1208661 3.9998149 0 P 0
L 6.1208661 4.3708149 6.1208661 4.3998149 0 P 0
L 6.1511024 4.9242519 6.2692126 4.9242519 0 P 0
L 6.1559449 1.11 6.2740551 1.11 0 P 0
L 6.2101575 4.8651968 6.2101575 4.983307 0 P 0
L 6.2104094 3.015748 6.2384094 3.015748 0 P 0
L 6.215 1.0509449 6.215 1.1690551 0 P 0
L 6.2244094 3.001748 6.2244094 3.029748 0 P 0
L 6.3051182 5.4763779 6.3641732 5.4763779 0 P 0
L 6.3346457 5.4468504 6.3346457 5.5059054 0 P 0
L 6.3362598 2.7673228 6.3662598 2.7673228 0 P 0
L 6.3362598 3.0673228 6.3662598 3.0673228 0 P 0
L 6.3505354 3.2019685 6.3825354 3.2019685 0 P 0
L 6.3505354 3.3019685 6.3825354 3.3019685 0 P 0
L 6.3512598 2.7523228 6.3512598 2.7823228 0 P 0
L 6.3512598 3.0523228 6.3512598 3.0823228 0 P 0
L 6.3665354 3.1859685 6.3665354 3.2179685 0 P 0
L 6.3665354 3.2859685 6.3665354 3.3179685 0 P 0
L 6.3836378 3.996063 6.4116378 3.996063 0 P 0
L 6.3859449 1.11 6.5040551 1.11 0 P 0
L 6.3859449 2.555 6.5040551 2.555 0 P 0
L 6.3976378 3.982063 6.3976378 4.010063 0 P 0
L 6.4362598 2.7673228 6.4662598 2.7673228 0 P 0
L 6.4362598 3.0673228 6.4662598 3.0673228 0 P 0
L 6.445 1.0509449 6.445 1.1690551 0 P 0
L 6.445 2.4959449 6.445 2.6140551 0 P 0
L 6.4485041 4.7592519 6.4918111 4.7592519 0 P 0
L 6.4512598 2.7523228 6.4512598 2.7823228 0 P 0
L 6.4512598 3.0523228 6.4512598 3.0823228 0 P 0
L 6.4678583 3.2059055 6.4998583 3.2059055 0 P 0
L 6.4678583 3.3059055 6.4998583 3.3059055 0 P 0
L 6.4701576 4.7375984 6.4701576 4.7809054 0 P 0
L 6.4838583 3.1899055 6.4838583 3.2219055 0 P 0
L 6.4838583 3.2899055 6.4838583 3.3219055 0 P 0
L 6.5051182 5.4763779 6.5641732 5.4763779 0 P 0
L 6.5346457 5.4468504 6.5346457 5.5059054 0 P 0
L 6.5362598 2.7673228 6.5662598 2.7673228 0 P 0
L 6.5362598 3.0673228 6.5662598 3.0673228 0 P 0
L 6.5485041 4.7592519 6.5918111 4.7592519 0 P 0
L 6.5512598 2.7523228 6.5512598 2.7823228 0 P 0
L 6.5512598 3.0523228 6.5512598 3.0823228 0 P 0
L 6.5701576 4.7375984 6.5701576 4.7809054 0 P 0
L 6.6362598 2.7673228 6.6662598 2.7673228 0 P 0
L 6.6362598 3.0673228 6.6662598 3.0673228 0 P 0
L 6.6485041 4.7592519 6.6918111 4.7592519 0 P 0
L 6.6512598 2.7523228 6.6512598 2.7823228 0 P 0
L 6.6512598 3.0523228 6.6512598 3.0823228 0 P 0
L 6.6701576 4.7375984 6.6701576 4.7809054 0 P 0
L 6.7051182 5.4763779 6.7641732 5.4763779 0 P 0
L 6.7205826 4.1255906 6.7565826 4.1255906 0 P 0
L 6.7205826 4.4255906 6.7565826 4.4255906 0 P 0
L 6.7346457 5.4468504 6.7346457 5.5059054 0 P 0
L 6.7385826 4.1075906 6.7385826 4.1435906 0 P 0
L 6.7385826 4.4075906 6.7385826 4.4435906 0 P 0
L 6.7678583 3.2059055 6.7998583 3.2059055 0 P 0
L 6.7678583 3.3059055 6.7998583 3.3059055 0 P 0
L 6.7792126 3.0669291 6.8192126 3.0669291 0 P 0
L 6.7838583 3.1899055 6.7838583 3.2219055 0 P 0
L 6.7838583 3.2899055 6.7838583 3.3219055 0 P 0
L 6.7992126 3.0469291 6.7992126 3.0869291 0 P 0
L 6.820315 2.775 6.859685 2.775 0 P 0
L 6.8205826 4.1255906 6.8565826 4.1255906 0 P 0
L 6.8205826 4.4255906 6.8565826 4.4255906 0 P 0
L 6.8385826 4.1075906 6.8385826 4.1435906 0 P 0
L 6.8385826 4.4075906 6.8385826 4.4435906 0 P 0
L 6.84 2.755315 6.84 2.794685 0 P 0
L 6.8761024 4.9242519 6.9942126 4.9242519 0 P 0
L 6.8776378 3.0669291 6.9176378 3.0669291 0 P 0
L 6.8851811 3.2019685 6.9171811 3.2019685 0 P 0
L 6.8851811 3.3019685 6.9171811 3.3019685 0 P 0
L 6.8976378 3.0469291 6.8976378 3.0869291 0 P 0
L 6.9011811 3.1859685 6.9011811 3.2179685 0 P 0
L 6.9011811 3.2859685 6.9011811 3.3179685 0 P 0
L 6.9205826 4.1255906 6.9565826 4.1255906 0 P 0
L 6.9205826 4.4255906 6.9565826 4.4255906 0 P 0
L 6.9211024 2.775 6.9604724 2.775 0 P 0
L 6.9351575 4.8651968 6.9351575 4.983307 0 P 0
L 6.9385826 4.1075906 6.9385826 4.1435906 0 P 0
L 6.9385826 4.4075906 6.9385826 4.4435906 0 P 0
L 6.9407874 2.755315 6.9407874 2.794685 0 P 0
L 6.97563 5.4742519 7.034685 5.4742519 0 P 0
L 6.976063 3.0669291 7.016063 3.0669291 0 P 0
L 6.996063 3.0469291 6.996063 3.0869291 0 P 0
L 7.0051575 5.4447244 7.0051575 5.5037794 0 P 0
L 7.0218898 2.775 7.0612598 2.775 0 P 0
L 7.0415748 2.755315 7.0415748 2.794685 0 P 0
L 7.17563 5.4742519 7.234685 5.4742519 0 P 0
L 7.1851811 3.2019685 7.2171811 3.2019685 0 P 0
L 7.1851811 3.3019685 7.2171811 3.3019685 0 P 0
L 7.1886614 4.6358268 7.2286614 4.6358268 0 P 0
L 7.1886614 5.1358268 7.2286614 5.1358268 0 P 0
L 7.2011811 3.1859685 7.2011811 3.2179685 0 P 0
L 7.2011811 3.2859685 7.2011811 3.3179685 0 P 0
L 7.2051575 5.4447244 7.2051575 5.5037794 0 P 0
L 7.2086614 4.6158268 7.2086614 4.6558268 0 P 0
L 7.2086614 5.1158268 7.2086614 5.1558268 0 P 0
L 7.3021102 2.9724409 7.3341102 2.9724409 0 P 0
L 7.3021102 3.0724409 7.3341102 3.0724409 0 P 0
L 7.3025039 2.7452756 7.3345039 2.7452756 0 P 0
L 7.3025039 2.8452756 7.3345039 2.8452756 0 P 0
L 7.3025039 3.2019685 7.3345039 3.2019685 0 P 0
L 7.3025039 3.3019685 7.3345039 3.3019685 0 P 0
L 7.3181102 2.9564409 7.3181102 2.9884409 0 P 0
L 7.3181102 3.0564409 7.3181102 3.0884409 0 P 0
L 7.3185039 2.7292756 7.3185039 2.7612756 0 P 0
L 7.3185039 2.8292756 7.3185039 2.8612756 0 P 0
L 7.3185039 3.1859685 7.3185039 3.2179685 0 P 0
L 7.3185039 3.2859685 7.3185039 3.3179685 0 P 0
L 7.37563 5.4742519 7.434685 5.4742519 0 P 0
L 7.3855118 4.6358268 7.4255118 4.6358268 0 P 0
L 7.3855118 5.1358268 7.4255118 5.1358268 0 P 0
L 7.4051575 5.4447244 7.4051575 5.5037794 0 P 0
L 7.4055118 4.6158268 7.4055118 4.6558268 0 P 0
L 7.4055118 5.1158268 7.4055118 5.1558268 0 P 0
L 7.4409449 1.11 7.5590551 1.11 0 P 0
L 7.4409449 2.555 7.5590551 2.555 0 P 0
L 7.5 1.0509449 7.5 1.1690551 0 P 0
L 7.5 2.4959449 7.5 2.6140551 0 P 0
L 7.6021102 2.9724409 7.6341102 2.9724409 0 P 0
L 7.6021102 3.0724409 7.6341102 3.0724409 0 P 0
L 7.6025039 2.7452756 7.6345039 2.7452756 0 P 0
L 7.6025039 2.8452756 7.6345039 2.8452756 0 P 0
L 7.6025039 3.2019685 7.6345039 3.2019685 0 P 0
L 7.6025039 3.3019685 7.6345039 3.3019685 0 P 0
L 7.6181102 2.9564409 7.6181102 2.9884409 0 P 0
L 7.6181102 3.0564409 7.6181102 3.0884409 0 P 0
L 7.6185039 2.7292756 7.6185039 2.7612756 0 P 0
L 7.6185039 2.8292756 7.6185039 2.8612756 0 P 0
L 7.6185039 3.1859685 7.6185039 3.2179685 0 P 0
L 7.6185039 3.2859685 7.6185039 3.3179685 0 P 0
L 7.7928348 1.3543307 7.8528348 1.3543307 0 P 0
L 7.7928348 2.1062992 7.8528348 2.1062992 0 P 0
L 7.7928348 2.8543308 7.8528348 2.8543308 0 P 0
L 7.7967717 3.6062993 7.8567717 3.6062993 0 P 0
L 7.7967718 4.3464567 7.8567718 4.3464567 0 P 0
L 7.7967718 5.0905513 7.8567718 5.0905513 0 P 0
L 7.8228348 1.3243307 7.8228348 1.3843307 0 P 0
L 7.8228348 2.0762992 7.8228348 2.1362992 0 P 0
L 7.8228348 2.8243308 7.8228348 2.8843308 0 P 0
L 7.8267717 3.5762993 7.8267717 3.6362993 0 P 0
L 7.8267718 4.3164567 7.8267718 4.3764567 0 P 0
L 7.8267718 5.0605513 7.8267718 5.1205513 0 P 0
L 7.886575 1.1181102 7.916575 1.1181102 0 P 0
L 7.886575 1.5905512 7.916575 1.5905512 0 P 0
L 7.886575 1.8700787 7.916575 1.8700787 0 P 0
L 7.886575 2.3425197 7.916575 2.3425197 0 P 0
L 7.886575 2.6181103 7.916575 2.6181103 0 P 0
L 7.886575 3.0905513 7.916575 3.0905513 0 P 0
L 7.8905119 3.3700788 7.9205119 3.3700788 0 P 0
L 7.8905119 3.8425198 7.9205119 3.8425198 0 P 0
L 7.890512 4.1102362 7.920512 4.1102362 0 P 0
L 7.890512 4.5826772 7.920512 4.5826772 0 P 0
L 7.890512 4.8543308 7.920512 4.8543308 0 P 0
L 7.890512 5.3267718 7.920512 5.3267718 0 P 0
L 7.901575 1.1031102 7.901575 1.1331102 0 P 0
L 7.901575 1.5755512 7.901575 1.6055512 0 P 0
L 7.901575 1.8550787 7.901575 1.8850787 0 P 0
L 7.901575 2.3275197 7.901575 2.3575197 0 P 0
L 7.901575 2.6031103 7.901575 2.6331103 0 P 0
L 7.901575 3.0755513 7.901575 3.1055513 0 P 0
L 7.9055119 3.3550788 7.9055119 3.3850788 0 P 0
L 7.9055119 3.8275198 7.9055119 3.8575198 0 P 0
L 7.905512 4.0952362 7.905512 4.1252362 0 P 0
L 7.905512 4.5676772 7.905512 4.5976772 0 P 0
L 7.905512 4.8393308 7.905512 4.8693308 0 P 0
L 7.905512 5.3117718 7.905512 5.3417718 0 P 0
L 8.0253701 5.4724409 8.0533701 5.4724409 0 P 0
L 8.0393701 5.4584409 8.0393701 5.4864409 0 P 0
L 8.3668899 1.1181102 8.3968899 1.1181102 0 P 0
L 8.3668899 1.5905512 8.3968899 1.5905512 0 P 0
L 8.3668899 1.8700787 8.3968899 1.8700787 0 P 0
L 8.3668899 2.3425197 8.3968899 2.3425197 0 P 0
L 8.3668899 2.6181103 8.3968899 2.6181103 0 P 0
L 8.3668899 3.0905513 8.3968899 3.0905513 0 P 0
L 8.3708268 3.3700788 8.4008268 3.3700788 0 P 0
L 8.3708268 3.8425198 8.4008268 3.8425198 0 P 0
L 8.3708269 4.1102362 8.4008269 4.1102362 0 P 0
L 8.3708269 4.5826772 8.4008269 4.5826772 0 P 0
L 8.3708269 4.8543308 8.4008269 4.8543308 0 P 0
L 8.3708269 5.3267718 8.4008269 5.3267718 0 P 0
L 8.3818899 1.1031102 8.3818899 1.1331102 0 P 0
L 8.3818899 1.5755512 8.3818899 1.6055512 0 P 0
L 8.3818899 1.8550787 8.3818899 1.8850787 0 P 0
L 8.3818899 2.3275197 8.3818899 2.3575197 0 P 0
L 8.3818899 2.6031103 8.3818899 2.6331103 0 P 0
L 8.3818899 3.0755513 8.3818899 3.1055513 0 P 0
L 8.3858268 3.3550788 8.3858268 3.3850788 0 P 0
L 8.3858268 3.8275198 8.3858268 3.8575198 0 P 0
L 8.3858269 4.0952362 8.3858269 4.1252362 0 P 0
L 8.3858269 4.5676772 8.3858269 4.5976772 0 P 0
L 8.3858269 4.8393308 8.3858269 4.8693308 0 P 0
L 8.3858269 5.3117718 8.3858269 5.3417718 0 P 0
L 8.5944882 5.5905512 8.7125984 5.5905512 0 P 0
L 8.6535433 5.5314961 8.6535433 5.6496063 0 P 0
L 8.6574803 1.0784646 8.6968503 1.0784646 0 P 0
L 8.6574803 1.4784646 8.6968503 1.4784646 0 P 0
L 8.6574803 1.818622 8.6968503 1.818622 0 P 0
L 8.6574803 2.218622 8.6968503 2.218622 0 P 0
L 8.6574803 2.5627166 8.6968503 2.5627166 0 P 0
L 8.6574803 2.9627166 8.6968503 2.9627166 0 P 0
L 8.6614173 4.0627165 8.7007873 4.0627165 0 P 0
L 8.6614173 4.4627165 8.7007873 4.4627165 0 P 0
L 8.6614173 4.8028741 8.7007873 4.8028741 0 P 0
L 8.6614173 5.2028741 8.7007873 5.2028741 0 P 0
L 8.6614174 3.318622 8.7007874 3.318622 0 P 0
L 8.6614174 3.718622 8.7007874 3.718622 0 P 0
L 8.6771653 1.0587796 8.6771653 1.0981496 0 P 0
L 8.6771653 1.4587796 8.6771653 1.4981496 0 P 0
L 8.6771653 1.798937 8.6771653 1.838307 0 P 0
L 8.6771653 2.198937 8.6771653 2.238307 0 P 0
L 8.6771653 2.5430316 8.6771653 2.5824016 0 P 0
L 8.6771653 2.9430316 8.6771653 2.9824016 0 P 0
L 8.6811023 4.0430315 8.6811023 4.0824015 0 P 0
L 8.6811023 4.4430315 8.6811023 4.4824015 0 P 0
L 8.6811023 4.7831891 8.6811023 4.8225591 0 P 0
L 8.6811023 5.1831891 8.6811023 5.2225591 0 P 0
L 8.6811024 3.298937 8.6811024 3.338307 0 P 0
L 8.6811024 3.698937 8.6811024 3.738307 0 P 0
L 8.7945866 1.4015749 8.8195866 1.4015749 0 P 0
L 8.7945866 1.5984253 8.8195866 1.5984253 0 P 0
L 8.7945866 2.1456693 8.8195866 2.1456693 0 P 0
L 8.7945866 2.3425197 8.8195866 2.3425197 0 P 0
L 8.7945866 2.8976378 8.8195866 2.8976378 0 P 0
L 8.7945866 3.0944882 8.8195866 3.0944882 0 P 0
L 8.7985236 3.6417323 8.8235236 3.6417323 0 P 0
L 8.7985236 3.8385827 8.8235236 3.8385827 0 P 0
L 8.7985236 4.3858267 8.8235236 4.3858267 0 P 0
L 8.7985236 4.5826771 8.8235236 4.5826771 0 P 0
L 8.7985236 5.1299213 8.8235236 5.1299213 0 P 0
L 8.7985236 5.3267717 8.8235236 5.3267717 0 P 0
L 8.8070866 1.3890749 8.8070866 1.4140749 0 P 0
L 8.8070866 1.5859253 8.8070866 1.6109253 0 P 0
L 8.8070866 2.1331693 8.8070866 2.1581693 0 P 0
L 8.8070866 2.3300197 8.8070866 2.3550197 0 P 0
L 8.8070866 2.8851378 8.8070866 2.9101378 0 P 0
L 8.8070866 3.0819882 8.8070866 3.1069882 0 P 0
L 8.8110236 3.6292323 8.8110236 3.6542323 0 P 0
L 8.8110236 3.8260827 8.8110236 3.8510827 0 P 0
L 8.8110236 4.3733267 8.8110236 4.3983267 0 P 0
L 8.8110236 4.5701771 8.8110236 4.5951771 0 P 0
L 8.8110236 5.1174213 8.8110236 5.1424213 0 P 0
L 8.8110236 5.3142717 8.8110236 5.3392717 0 P 0
L 8.8188976 1.1220472 8.9370078 1.1220472 0 P 0
L 8.8779527 1.0629921 8.8779527 1.1811023 0 P 0
L 9.0261811 1.3551182 9.0761811 1.3551182 0 P 0
L 9.0261811 1.5551182 9.0761811 1.5551182 0 P 0
L 9.0261811 2.1070866 9.0761811 2.1070866 0 P 0
L 9.0261811 2.3070866 9.0761811 2.3070866 0 P 0
L 9.0261811 2.8582678 9.0761811 2.8582678 0 P 0
L 9.0261811 3.0582678 9.0761811 3.0582678 0 P 0
L 9.0301181 3.6070867 9.0801181 3.6070867 0 P 0
L 9.0301181 3.8070867 9.0801181 3.8070867 0 P 0
L 9.0301181 4.3472441 9.0801181 4.3472441 0 P 0
L 9.0301181 4.5472441 9.0801181 4.5472441 0 P 0
L 9.0301181 5.0913387 9.0801181 5.0913387 0 P 0
L 9.0301181 5.2913387 9.0801181 5.2913387 0 P 0
L 9.0511811 1.3301182 9.0511811 1.3801182 0 P 0
L 9.0511811 1.5301182 9.0511811 1.5801182 0 P 0
L 9.0511811 2.0820866 9.0511811 2.1320866 0 P 0
L 9.0511811 2.2820866 9.0511811 2.3320866 0 P 0
L 9.0511811 2.8332678 9.0511811 2.8832678 0 P 0
L 9.0511811 3.0332678 9.0511811 3.0832678 0 P 0
L 9.0551181 3.5820867 9.0551181 3.6320867 0 P 0
L 9.0551181 3.7820867 9.0551181 3.8320867 0 P 0
L 9.0551181 4.3222441 9.0551181 4.3722441 0 P 0
L 9.0551181 4.5222441 9.0551181 4.5722441 0 P 0
L 9.0551181 5.0663387 9.0551181 5.1163387 0 P 0
L 9.0551181 5.2663387 9.0551181 5.3163387 0 P 0
L 9.082362 2.480315 9.122362 2.480315 0 P 0
L 9.082362 2.5787402 9.122362 2.5787402 0 P 0
L 9.082362 2.6771654 9.122362 2.6771654 0 P 0
L 9.082362 3.2322835 9.122362 3.2322835 0 P 0
L 9.082362 3.3307087 9.122362 3.3307087 0 P 0
L 9.082362 3.4291339 9.122362 3.4291339 0 P 0
L 9.082362 3.9763779 9.122362 3.9763779 0 P 0
L 9.082362 4.0748031 9.122362 4.0748031 0 P 0
L 9.082362 4.1732283 9.122362 4.1732283 0 P 0
L 9.082362 4.7165354 9.122362 4.7165354 0 P 0
L 9.082362 4.8149606 9.122362 4.8149606 0 P 0
L 9.082362 4.9133858 9.122362 4.9133858 0 P 0
L 9.082362 5.4645669 9.122362 5.4645669 0 P 0
L 9.082362 5.5629921 9.122362 5.5629921 0 P 0
L 9.082362 5.6614173 9.122362 5.6614173 0 P 0
L 9.0823622 1.7244094 9.1223622 1.7244094 0 P 0
L 9.0823622 1.8228346 9.1223622 1.8228346 0 P 0
L 9.0823622 1.9212598 9.1223622 1.9212598 0 P 0
L 9.102362 2.460315 9.102362 2.500315 0 P 0
L 9.102362 2.5587402 9.102362 2.5987402 0 P 0
L 9.102362 2.6571654 9.102362 2.6971654 0 P 0
L 9.102362 3.2122835 9.102362 3.2522835 0 P 0
L 9.102362 3.3107087 9.102362 3.3507087 0 P 0
L 9.102362 3.4091339 9.102362 3.4491339 0 P 0
L 9.102362 3.9563779 9.102362 3.9963779 0 P 0
L 9.102362 4.0548031 9.102362 4.0948031 0 P 0
L 9.102362 4.1532283 9.102362 4.1932283 0 P 0
L 9.102362 4.6965354 9.102362 4.7365354 0 P 0
L 9.102362 4.7949606 9.102362 4.8349606 0 P 0
L 9.102362 4.8933858 9.102362 4.9333858 0 P 0
L 9.102362 5.4445669 9.102362 5.4845669 0 P 0
L 9.102362 5.5429921 9.102362 5.5829921 0 P 0
L 9.102362 5.6414173 9.102362 5.6814173 0 P 0
L 9.1023622 1.7044094 9.1023622 1.7444094 0 P 0
L 9.1023622 1.8028346 9.1023622 1.8428346 0 P 0
L 9.1023622 1.9012598 9.1023622 1.9412598 0 P 0
